7.770857925758272167e-01 1.165396789165427712e-15 8.401578702303262998e-16 4.533121679178746177e+01
7.856569919343739938e-01 1.928765777760772520e-15 8.120212133233635195e-16 4.522942127201005746e+01
7.944562777564672107e-01 3.080631481768491902e-15 7.933991598800268659e-16 4.454540470552257148e+01
8.034917446548487385e-01 3.981466605789662593e-15 7.659695752580943615e-16 4.387337147973846641e+01
8.127701596751594204e-01 5.386502940386674102e-15 7.728562808805513708e-16 4.321303145715763350e+01
8.223001950752030220e-01 6.953103597345422569e-15 7.747237162516992221e-16 4.256881881772508791e+01
8.320871202560061741e-01 8.561676685431043581e-15 7.729007449131798033e-16 4.193886673960361122e+01
8.421406720585796757e-01 1.069376793700877020e-14 8.017512977004986872e-16 4.132183165795099455e+01
8.524671624339413833e-01 1.254475343984400467e-14 8.480960536032267450e-16 4.072522921500844006e+01
8.630728357041996812e-01 1.418107841723932838e-14 7.810738021121419369e-16 4.014675955587775746e+01
8.739651076044088196e-01 1.659791218380736808e-14 8.376910618185533698e-16 3.958588445939567180e+01
8.851505313156456944e-01 2.020591338724972676e-14 8.324526946547730264e-16 3.904518247026622646e+01
8.966350114264669546e-01 2.358210500296893347e-14 8.002200755392031930e-16 3.852666308027016129e+01
9.084236346611996860e-01 2.728398164547673720e-14 8.106286538482170935e-16 3.802576559792925792e+01
9.205246983368251534e-01 3.035223898947388710e-14 8.140340467452036837e-16 3.754514291314958285e+01
9.329414451398069241e-01 3.221698891984679682e-14 8.156871922194271831e-16 3.708905356572274314e+01
9.456787897855759573e-01 3.706731612600722993e-14 8.093744782231104906e-16 3.665557214110526019e+01
9.587404910841778038e-01 4.034372613125777681e-14 8.057997824038838446e-16 3.624387834766206851e+01
9.721312704469349253e-01 4.452045655923730628e-14 8.138475727254119199e-16 3.585634758733262828e+01
9.858523230430572548e-01 4.840840255830484777e-14 7.908322815727400134e-16 3.549498660514957749e+01
9.999056807885923215e-01 5.115983398417182598e-14 7.682750896487510329e-16 3.515937742490945794e+01
1.014291554736624912e+00 5.628137291226198761e-14 8.004730054536609102e-16 3.484994230561132156e+01
1.029010221216290821e+00 6.272164010500430767e-14 8.060796517583858861e-16 3.456718347657298551e+01
1.044059968524623461e+00 6.754563081979830491e-14 8.109711828800590102e-16 3.431271327511490910e+01
1.059438009312017481e+00 7.233299086705649395e-14 7.955780032866546259e-16 3.408761676474878755e+01
1.075139818331184882e+00 7.346274601795151554e-14 7.771839974262496002e-16 3.389311485482944164e+01
1.091159490885375671e+00 7.090780188286831941e-14 7.435258894303347715e-16 3.372766648507457887e+01
1.107491878363806581e+00 6.358939308927983064e-14 7.060831380760811126e-16 3.358934795552755048e+01
1.124131011494532206e+00 5.923990375291722831e-14 6.515690953356301613e-16 3.348079816847906898e+01
1.141067273007559724e+00 6.004064810026124140e-14 6.263729081515768510e-16 3.340311234427361597e+01
1.158291519091758426e+00 6.330381500079901527e-14 6.337560361080681374e-16 3.335532079633586733e+01
1.175793112586922984e+00 6.417629803448631816e-14 6.078807771489144833e-16 3.333798486393725113e+01
1.193560390842276719e+00 7.030593388942770728e-14 6.489838655341044297e-16 3.335144089905956122e+01
1.211580483646982120e+00 8.424357026979269238e-14 6.811886486526150995e-16 3.339573414634826776e+01
1.229839889245801565e+00 9.260548131916063498e-14 7.053521751763095408e-16 3.347018863794801291e+01
1.248324820601552698e+00 9.419882149149138994e-14 7.232014278606361808e-16 3.357450726317645717e+01
1.267020623152526060e+00 9.764997646283856160e-14 6.868076698106704612e-16 3.370897778747531959e+01
1.285911858426926679e+00 9.692213383801021465e-14 6.914426992077978321e-16 3.387235010044857120e+01
1.304984090541518871e+00 9.193614103199101516e-14 6.775856365809908785e-16 3.405709926030776558e+01
1.324229393357519768e+00 7.717915952264451941e-14 6.379083726221046666e-16 3.426975742268142966e+01
1.343625431856677377e+00 4.346255169883688127e-14 4.974713524256087687e-16 3.451783927382393813e+01
1.363154930416717869e+00 2.979633180665831502e-14 4.254419898854034616e-16 3.479470090296624818e+01
1.382802516155180683e+00 2.968236436222139740e-14 4.114506268298116766e-16 3.509821647644180587e+01
1.402553015418653182e+00 3.000769911274982617e-14 4.097144586427578028e-16 3.542783181707220308e+01
1.422391532572007566e+00 2.936032592571075215e-14 3.983894407308100642e-16 3.578294584074160412e+01
1.442303558565732668e+00 3.298146098883505352e-14 4.088085151681779484e-16 3.616264006127371289e+01
1.462275334089869760e+00 3.960785354676691140e-14 4.317495423947719193e-16 3.656615117596533082e+01
1.482293420420567776e+00 4.635907146315362361e-14 4.565181188773634809e-16 3.699275636099786624e+01
1.502345163057342337e+00 5.001395944575585731e-14 4.817715275522557814e-16 3.744160840341255891e+01
1.522418437136473957e+00 5.839858623404315165e-14 5.400202380390681031e-16 3.791290739178683111e+01
1.542500839365782861e+00 6.920450455595826275e-14 5.722662638175787659e-16 3.840887403075355166e+01
1.562578449068370734e+00 8.164767959125861255e-14 6.193648074058409634e-16 3.892460179369079754e+01
1.582644562796799326e+00 8.622084518197716319e-14 7.201079614141390309e-16 3.945549562093846419e+01
1.602690594103926003e+00 9.079401077269572646e-14 6.474929759270252115e-16 4.000398574893812764e+01
1.622707835595722070e+00 9.147035280000498570e-14 6.776726922177192730e-16 4.057007339335752505e+01
1.642688250008127682e+00 9.303426076134129574e-14 6.843622160561848991e-16 4.115308082629934461e+01
1.662624367165780104e+00 9.156043841335554130e-14 7.009181059371011856e-16 4.175229121676532884e+01
1.682509402781132035e+00 8.886679870712113237e-14 7.081866379850307233e-16 4.236704663264885795e+01
1.702337057487804062e+00 8.475862492027567041e-14 6.581422459455504451e-16 4.299672535259286832e+01
1.722101651807723233e+00 7.555146634177676882e-14 6.173661779436911770e-16 4.364061329261314626e+01
1.741798043983592281e+00 6.449684080220634032e-14 5.918428160641962922e-16 4.429798204147906660e+01
1.761421683188670428e+00 5.483378817345734648e-14 5.161873057176377151e-16 4.496501481164985847e+01
1.780971203173396633e+00 4.667669731297644107e-14 4.910666397496661578e-16 4.563841569280430832e+01
1.800445193889858020e+00 3.970764383015558721e-14 4.860202459119254865e-16 4.632613803635273797e+01
1.819835767978626562e+00 3.664628879647201164e-14 4.512827885376838060e-16 4.703156510182683547e+01
1.839139117088853137e+00 3.585952703794739781e-14 4.306687101445561877e-16 4.774867563236699652e+01
1.858352838718954514e+00 3.324415911057456484e-14 4.094798450715620377e-16 4.847635045910124063e+01
1.877474363474342045e+00 3.414413096633431438e-14 4.608122078225065374e-16 4.921440745853265497e+01
1.896501715448929870e+00 3.805276037763259472e-14 4.346907355692513328e-16 4.996156060177776226e+01
1.915433580372411626e+00 3.902373821874084514e-14 4.296111774030431557e-16 5.071803361290750445e+01
1.934268037286078989e+00 3.681408085342291666e-14 4.116708201060360127e-16 5.148322759076849309e+01
1.953004419028085081e+00 3.538821301118339180e-14 3.887471741481954610e-16 5.225684489991422055e+01
1.971641216297720600e+00 3.694850670221371128e-14 4.614621818834943654e-16 5.303835279728583174e+01
1.990178296275619374e+00 3.976908624345373185e-14 4.183278805258967086e-16 5.382714757126837668e+01
2.008614721045312468e+00 4.215778993394088311e-14 4.234362966299510192e-16 5.461268373050512537e+01
2.026957567753233214e+00 4.730284408919174748e-14 4.309253321953274580e-16 5.540226349930662764e+01
2.045200907957668512e+00 5.051234640336896414e-14 4.437108254797561283e-16 5.621015414117690767e+01
2.063342469008279778e+00 5.132531038900972171e-14 4.436549603861859837e-16 5.702753253446853421e+01
2.081382421996718968e+00 5.545721755250209831e-14 4.683410062142508452e-16 5.785051768416630580e+01
2.099321099888646014e+00 5.754236993279006325e-14 4.581111695480864853e-16 5.867938190838287227e+01
2.117158550367777003e+00 5.969774709884390139e-14 4.633169443857995658e-16 5.951420615298683714e+01
2.134895102924583732e+00 5.943693724496068505e-14 4.533140422621473200e-16 6.035455351475818020e+01
2.152531110988286756e+00 5.889642267287879539e-14 4.715666645274956856e-16 6.120026668407409431e+01
2.170067026636942842e+00 5.779419057226672592e-14 4.653281590392419116e-16 6.205087579448792212e+01
2.187503494517959890e+00 5.409773387254138528e-14 4.516563429490608399e-16 6.290631692449523626e+01
2.204841014393109866e+00 5.331294349130726307e-14 4.511666649108725244e-16 6.376573282552648436e+01
2.222080702631068494e+00 5.159179895010048558e-14 4.261676123686574368e-16 6.463219377519067166e+01
2.239221414822655909e+00 5.048475271532683147e-14 4.312072863389279500e-16 6.552089848285922358e+01
2.256256384996115028e+00 4.799398810991875586e-14 4.073868044139910110e-16 6.642307224143448252e+01
2.273189376689807695e+00 4.611451639044183904e-14 3.955765890924784730e-16 6.731363145894037814e+01
2.290026504471490476e+00 4.286573401828170884e-14 3.837954612656189265e-16 6.819606719554040808e+01
2.306769414346601543e+00 3.844507408131087206e-14 3.704591562255295966e-16 6.908033747305572092e+01
2.323419065925700799e+00 3.687136826031604426e-14 3.624340796022735973e-16 6.996794299510322901e+01
2.339976322631561523e+00 3.586186648497724821e-14 3.619235639898489391e-16 7.085933250623818935e+01
2.356441904835812728e+00 3.573799957222877798e-14 3.592310208386261318e-16 7.175401053298539011e+01
2.372816882864115406e+00 3.543648345157199672e-14 3.487766606179075776e-16 7.265199923298033013e+01
2.389101940456511475e+00 3.466720270023448818e-14 3.505544540477487777e-16 7.355261812003969624e+01
2.405298417872936412e+00 3.445818849361076961e-14 3.457919087763521901e-16 7.445645609037542556e+01
2.421406706814896559e+00 3.402357572717001016e-14 3.347089458689118102e-16 7.536369199585217871e+01
2.437428036827222311e+00 3.258478676086800071e-14 3.303505603255915229e-16 7.627329442361666167e+01
2.453363213417193212e+00 3.089764381261733260e-14 3.334491634858983201e-16 7.718519193203613327e+01
2.469213449961615403e+00 2.863671582874472468e-14 3.210678517233430697e-16 7.809009696437615844e+01
2.484983272117953224e+00 2.699017713901469382e-14 3.100527925774537848e-16 7.897784310703868016e+01
2.500677759119185772e+00 2.494470660618440171e-14 3.012268348476079921e-16 7.987432009808462396e+01
2.516290928396571758e+00 2.276551095908031208e-14 2.913839212090379021e-16 8.079410447785960514e+01
2.531822246017807476e+00 2.129717939042937344e-14 2.817876824224922592e-16 8.171915667983529374e+01
2.547272920243809580e+00 2.032566790012346382e-14 2.908051015540983657e-16 8.264624580735286941e+01
2.562643645046402963e+00 1.985730759361874839e-14 2.739877361784106306e-16 8.357594787010104653e+01
2.577935374099904919e+00 2.027853459477413586e-14 2.785244211392622999e-16 8.450718652102960959e+01
2.593149161561952631e+00 2.007741316101374938e-14 2.787680635314091530e-16 8.544065532703113774e+01
2.608285669888677383e+00 2.079903542514026861e-14 2.706956743703992948e-16 8.637612965810167509e+01
2.623345995805544284e+00 2.209466019235094349e-14 2.840502476551767356e-16 8.731342084100874956e+01
2.638330833284376453e+00 2.264127455149441610e-14 2.862600241972346686e-16 8.825283361001196170e+01
2.653241135999491185e+00 2.292203083911882235e-14 2.863149636922212692e-16 8.919400541071546229e+01
2.668077688174253836e+00 2.037988956981955596e-14 2.707739749072066213e-16 9.013703341425909343e+01
2.682841374515352761e+00 1.784495892481560116e-14 2.542500998393616126e-16 9.108115947829975312e+01
2.697533191264929187e+00 1.769605720171104519e-14 2.619188351574782681e-16 9.202925138853245812e+01
2.712153067814653706e+00 1.802645995416122379e-14 2.678541763759712666e-16 9.301697386435924386e+01
2.726690805785582317e+00 1.866287227482908605e-14 2.627784416901772724e-16 9.402006023748232622e+01
2.741154227768160645e+00 1.917149104611800292e-14 2.683481706678993862e-16 9.498780992306836879e+01
2.755548763769751552e+00 1.960270011516930255e-14 2.594738096317663935e-16 9.594148670953613589e+01
2.769875366644319659e+00 1.875096422536872121e-14 2.583060342909307726e-16 9.689471771193134941e+01
2.784135207200849393e+00 1.895453211492752536e-14 2.752416916555537886e-16 9.784888807594775528e+01
2.798328783560410482e+00 1.923778216198563586e-14 2.752441691280682453e-16 9.880543136003578297e+01
2.812456816094631940e+00 1.872197274506199371e-14 2.750326746062278180e-16 9.976285709678965929e+01
2.826520205678223263e+00 1.970519708083179282e-14 2.676072966966387637e-16 1.007215968312049199e+02
2.840519518579532665e+00 1.986591090741878799e-14 2.703616590057524687e-16 1.016817271396600546e+02
2.854455603694014965e+00 1.976852885893126741e-14 2.694848534034801334e-16 1.026429561882188892e+02
2.868329080089625283e+00 2.043348690960860470e-14 2.708425759382622948e-16 1.036058852713427996e+02
2.882140605106603637e+00 2.112101258379501729e-14 2.829808675545544221e-16 1.045694421914577816e+02
2.895891057515397993e+00 2.135026243820780457e-14 2.766518068893162861e-16 1.055339314000358968e+02
2.909580983941144172e+00 2.161305719775117914e-14 2.753281681493575730e-16 1.065001207148043108e+02
2.923211035787842249e+00 2.238495846484938541e-14 2.858504321300005908e-16 1.074670743628028902e+02
2.936781975994945171e+00 2.318744040791376137e-14 2.873382238308607823e-16 1.084330870894115861e+02
2.950294853604200629e+00 2.236975965832964000e-14 2.842837753177398284e-16 1.093702684661253102e+02
2.963757267314797605e+00 2.330890733777301887e-14 2.883114160591576717e-16 1.103062101701953139e+02
2.977163307000812775e+00 2.434898667395050761e-14 2.946996479440887542e-16 1.112731899324723486e+02
2.990512708664214703e+00 2.482419320145534207e-14 2.923934003299988414e-16 1.122453687195502994e+02
3.003805944846621223e+00 2.476777099389270707e-14 2.907626989564880127e-16 1.132195116528090892e+02
3.017043523900884150e+00 2.515779750470119995e-14 2.954845441750966231e-16 1.141940745683745178e+02
3.030226260745712885e+00 2.576182979966841415e-14 2.989144879531954036e-16 1.151690550638518715e+02
3.043354638974856918e+00 2.610977756468005071e-14 3.005858289198517921e-16 1.161463737957325861e+02
3.056429012837889481e+00 2.612890337891218292e-14 2.895820701173106039e-16 1.171234910307940993e+02
3.069450420324426609e+00 2.662032672946520971e-14 3.048818857964844490e-16 1.181011929428118066e+02
3.082419016358097341e+00 2.656701938911352155e-14 3.021908924146394547e-16 1.190801681180647904e+02
3.095335662720977155e+00 2.573802578961825741e-14 2.944083255577486131e-16 1.200603458650476085e+02
3.108200515157045096e+00 2.576901273659034883e-14 2.923947839190159445e-16 1.210417788602580913e+02
3.121014403932682590e+00 2.504602139057771718e-14 2.920875241711943647e-16 1.220224875618114027e+02
3.133777885904807547e+00 2.369774784794933651e-14 2.952844503671574854e-16 1.230052071458430589e+02
3.146491194376108247e+00 2.335440947001715544e-14 2.815719049841786157e-16 1.239885390703155110e+02
3.159155160433316123e+00 2.283738232498367444e-14 2.760632733176052174e-16 1.249717132609778929e+02
3.171770156134726903e+00 2.207813473938486877e-14 2.803348197335285858e-16 1.259564074289236828e+02
3.184336651560907505e+00 2.181371278809455017e-14 2.747570066895092171e-16 1.269380518984997934e+02
3.196855909413082841e+00 2.143624297178562223e-14 2.703185771238757375e-16 1.279200404349985973e+02
3.209327699863753658e+00 2.109348724729573120e-14 2.680938100423500846e-16 1.289060854388049790e+02
3.221752543958604775e+00 2.176275168522618788e-14 2.652792833242499691e-16 1.298931649370023536e+02
3.234130795126858082e+00 2.252052202840827176e-14 2.708224049889428243e-16 1.308824088101816585e+02
3.246462746227400942e+00 2.353574709390351137e-14 2.796566455853230623e-16 1.318708792390425231e+02
3.258749291378350676e+00 2.454452103363668084e-14 2.796114909442416047e-16 1.328607019585901696e+02
3.270990309632824111e+00 2.469384309558327111e-14 2.771027891502855726e-16 1.338508885598218399e+02
3.283186860264349693e+00 2.535333175908016000e-14 2.845093179043441534e-16 1.348411737834775295e+02
3.295338858137276894e+00 2.510785974679432029e-14 2.841451927560636288e-16 1.358339487177744616e+02
3.307446913728480986e+00 2.362978090654576998e-14 2.739270611696628320e-16 1.368257306106976330e+02
3.319511555034024841e+00 1.780353330633272469e-14 2.576502078371774109e-16 1.378184168966942593e+02
3.331533038281212278e+00 1.467586145126420555e-14 2.331698090466582779e-16 1.388113152275893469e+02
3.343511997885668219e+00 1.613072281982436705e-14 2.408782696728266422e-16 1.398061798968545304e+02
3.355448375931897154e+00 1.889793173317025713e-14 2.545264296531785535e-16 1.408014736778509644e+02
3.367343057946936113e+00 2.140701849213701392e-14 2.699668052502098272e-16 1.417956900348411011e+02
3.379196227909059047e+00 2.298597559204068104e-14 2.664818206544192963e-16 1.427923950024733131e+02
3.391008157393237354e+00 2.294052169387937217e-14 2.696282604920053708e-16 1.437883966305212766e+02
3.402779550603078462e+00 2.353345210124343594e-14 2.747388515270568375e-16 1.447860897884790177e+02
3.414510273898864856e+00 2.314729317138712760e-14 2.758381537163455161e-16 1.458084251058160135e+02
3.426197335078981610e+00 2.316927927935166146e-14 2.712567664690990014e-16 1.468519758762002141e+02
3.437841232264500668e+00 2.342292587538870068e-14 2.782662827691900693e-16 1.478762545734582261e+02
3.449445430198653018e+00 2.377754839143771664e-14 2.851748762926935140e-16 1.488788018252666063e+02
3.461010719041047512e+00 2.371609240950817396e-14 2.766523062847742191e-16 1.498781001403537232e+02
3.472537601208293356e+00 2.397759020859769477e-14 2.799185751378576645e-16 1.508770678837478840e+02
3.484026394318379349e+00 2.395568851048497082e-14 2.753353846192605202e-16 1.518776665679010591e+02
3.495477289926520736e+00 2.404264656257733571e-14 2.763435096083907397e-16 1.528791082132786698e+02
3.506890717186158302e+00 2.444190128653710376e-14 2.864936845309028512e-16 1.538797048725320167e+02
3.518267109546275861e+00 2.462147160566532787e-14 2.778604965448839492e-16 1.548818788812231162e+02
3.529606525742718937e+00 2.525858798135888200e-14 2.797934798897463556e-16 1.558851320520032573e+02
3.540909464716910371e+00 2.571942590413141509e-14 2.828894038096698891e-16 1.568870369913942682e+02
3.552176328402139038e+00 2.610934042719486336e-14 2.860954482154204061e-16 1.578891628713327862e+02
3.563407375680545552e+00 2.653158936667461147e-14 2.908392328142864729e-16 1.588937517893598681e+02
3.574602681455998798e+00 2.673991850908489169e-14 2.882300833126315884e-16 1.598995253899580575e+02
3.585762680818183501e+00 2.731099124548948489e-14 2.907554544520383272e-16 1.609032419569679462e+02
3.596887892351731786e+00 2.771354710405850771e-14 2.956720107760694894e-16 1.619066374612534958e+02
3.607978495739375457e+00 2.834107336447094948e-14 2.968474997426378158e-16 1.629127728816906142e+02
3.619034581232655423e+00 2.865494468536273570e-14 3.014349245922635840e-16 1.639202948738590351e+02
3.630056509837737089e+00 2.926013310639259220e-14 3.030689672560394410e-16 1.649269119804985735e+02
3.641044673256126796e+00 2.953022031644031209e-14 3.034188504237988744e-16 1.659306497852775237e+02
3.651999681144351140e+00 3.046028514365998592e-14 3.083135955619488309e-16 1.669028345434534231e+02
3.662925665817661436e+00 3.036511552742380894e-14 3.161691207311990471e-16 1.678615095002459157e+02
3.673820798306485891e+00 3.060685113826753893e-14 3.081680447468845055e-16 1.688517122090086673e+02
3.684683341533492751e+00 3.178578134547687363e-14 3.194133266736279600e-16 1.698593450101530493e+02
3.695513354234528869e+00 3.170491769129986892e-14 3.137694226040492486e-16 1.708681914832569930e+02
3.706311201711299130e+00 3.201542816265359082e-14 3.133565072334938601e-16 1.718775479229302334e+02
3.717077027014950463e+00 3.215607904364023756e-14 3.084289132885603128e-16 1.728871416657052862e+02
3.727811221846991430e+00 3.223969872710590825e-14 3.164196629267873416e-16 1.738970005441366595e+02
3.738513919026787313e+00 3.238583118447911840e-14 3.217196239699063155e-16 1.749090516557747321e+02
3.749185266721377197e+00 3.287448318867573476e-14 3.242672462335194575e-16 1.759211375350456308e+02
3.759825657452617431e+00 3.282240603536506504e-14 3.255751300751754331e-16 1.769326254623624095e+02
3.770435308355176485e+00 3.326079080407932408e-14 3.343337931117890044e-16 1.779446413847746271e+02
3.781014468079413771e+00 3.353310351726428075e-14 3.349716828034236037e-16 1.789563702910615746e+02
3.791563444011536888e+00 3.314659588635674551e-14 3.223007648248921977e-16 1.799686899439316505e+02
3.802082374086801941e+00 3.296929556147015700e-14 3.163830072651155576e-16 1.809818702568350659e+02
3.812571528239482976e+00 3.323802989346217667e-14 3.236021134039493874e-16 1.819955985101232727e+02
3.823031075920530153e+00 3.365385767069785965e-14 3.275491514842651857e-16 1.830101892611266692e+02
3.833461245316741817e+00 3.311735242804382097e-14 3.271041096654245459e-16 1.840243389606810922e+02
3.843862348930215056e+00 3.292617726903521701e-14 3.270615672131602622e-16 1.850393524199255353e+02
3.854234460844469190e+00 3.363041586169499254e-14 3.279366179979966262e-16 1.860548472807492146e+02
3.864577931013537970e+00 3.400055643378386549e-14 3.253915215438261046e-16 1.870694402705831294e+02
3.874892981687978910e+00 3.355864293270944770e-14 3.237910571184625802e-16 1.880834854671609833e+02
3.885179915138106566e+00 3.359293742209382932e-14 3.445317501416208259e-16 1.890773098999435433e+02
3.895441084034019674e+00 3.326125743349660161e-14 3.276722614222906185e-16 1.900495111733270335e+02
3.905676895424897932e+00 3.374108562220106094e-14 3.312272351834615992e-16 1.910411823507720896e+02
3.915885246111354689e+00 3.336277396232681313e-14 3.319959135852330061e-16 1.920562527104979722e+02
3.926066157377301469e+00 3.316268503729232980e-14 3.329087669675322454e-16 1.930734902440411815e+02
3.936219814841711351e+00 3.281163153760575112e-14 3.279565043980121047e-16 1.940917251231605007e+02
3.946346361555733040e+00 3.267987369976616899e-14 3.316175794180282156e-16 1.951099535208415716e+02
3.956446083621659504e+00 3.247664027704288534e-14 3.318035186307620424e-16 1.961283315140237278e+02
3.966519102806727481e+00 3.265797586723368862e-14 3.367149488761617347e-16 1.971486733922293411e+02
3.976565514478367813e+00 3.280028965274082426e-14 3.422088904392250276e-16 1.981679308020261772e+02
3.986585747790022172e+00 3.212908017686217264e-14 3.387654937112606219e-16 1.991870364990544999e+02
3.996579797625800179e+00 3.236149814643935060e-14 3.362019417466933176e-16 2.002067779343147151e+02
4.006548008003495198e+00 3.176551987559250665e-14 3.275568039545864662e-16 2.012270135987216690e+02
4.016490384859347174e+00 3.144467290363693680e-14 3.279945879350997755e-16 2.022492631215678784e+02
4.026407118107867333e+00 3.112549819613919338e-14 3.299159109748344608e-16 2.032697727091622255e+02
4.036298578987004504e+00 3.041694102262333781e-14 3.281601772817842702e-16 2.042895441263217151e+02
4.046164852632406550e+00 3.111922201229357568e-14 3.274942889494093833e-16 2.053127095621160549e+02
4.056005906708030295e+00 3.069050206811715869e-14 3.192497159942856718e-16 2.063348342098822741e+02
4.065822250387078896e+00 3.028782299090713189e-14 3.237689447316748065e-16 2.073563116764293568e+02
4.075613808765680801e+00 2.973103451783668448e-14 3.231532168987376606e-16 2.083786437407127323e+02
4.085380942850002306e+00 2.907436453381136347e-14 3.217727149616353322e-16 2.094003299239819569e+02
4.095123715671429743e+00 2.950416323221280886e-14 3.232475341037833365e-16 2.104242846226572681e+02
4.104842212365614529e+00 2.869564297091052265e-14 3.136904132333914603e-16 2.114500421652712134e+02
4.114536538531768706e+00 2.798666640345577549e-14 3.145323608267092427e-16 2.124732933706115716e+02
4.124207171007051365e+00 2.761862407382150094e-14 3.085411756422249413e-16 2.135315441265299228e+02
4.133850814499179016e+00 2.734680307727447571e-14 3.022185371181087629e-16 2.145995023891199480e+02
4.143470266999713658e+00 2.705845231966245716e-14 3.045701293467128416e-16 2.156318092813630471e+02
4.153066301679890771e+00 2.666234920441368623e-14 3.017028547864818098e-16 2.166559338031012203e+02
4.162639214873784965e+00 2.564677571570042702e-14 2.994140381858604518e-16 2.176821474594132440e+02
4.172188858414360269e+00 2.501227432959734457e-14 2.894812827686192553e-16 2.187072709958595453e+02
4.181715804506204393e+00 2.414604899916313035e-14 2.904364396688487074e-16 2.197323591686246118e+02
4.191219809614848302e+00 2.346260895925956159e-14 2.891394109147993030e-16 2.207600584403635651e+02
4.200701212642192317e+00 2.249366797104684810e-14 2.829325111263612247e-16 2.217846864969164073e+02
4.210160257122709027e+00 2.132327610736669352e-14 2.875034364587365499e-16 2.228113808537652005e+02
4.219596837457182836e+00 2.013620949553399411e-14 2.750357365308143730e-16 2.238362254792317572e+02
4.229011525850204123e+00 1.929650089920647468e-14 2.644895316892191843e-16 2.248624597609296245e+02
4.238403940832047745e+00 1.877283805762986300e-14 2.647404128104672171e-16 2.258939988266411092e+02
4.247774325937180961e+00 1.812267945920794556e-14 2.576929370723106944e-16 2.269210270243918046e+02
4.257123115434939820e+00 1.808254548877459094e-14 2.576310338875720355e-16 2.279482049951246267e+02
4.266450161158283017e+00 1.796338225887981122e-14 2.522399755136939322e-16 2.289766504778594367e+02
4.275755802009114426e+00 1.784393208626575340e-14 2.575212201513461880e-16 2.300053055143378629e+02
4.285039974956045938e+00 1.792130073862522706e-14 2.612450412223937736e-16 2.310328068656645826e+02
4.294303124500190805e+00 1.762778606723804883e-14 2.588918094005377170e-16 2.320603029946841218e+02
4.303545092242730519e+00 1.752911809656648596e-14 2.525024180964561719e-16 2.330908120502322447e+02
4.312766079150309295e+00 1.705219879270891117e-14 2.669390790050370771e-16 2.341223452930540816e+02
4.321966085222926246e+00 1.697678678408264400e-14 2.180231398209086236e-16 2.351518909243108624e+02
4.331145544729916530e+00 1.690137477545637682e-14 2.485025882465755177e-16 2.361788377517503079e+02
4.340304500239103191e+00 1.643447939849946397e-14 2.533908827779868920e-16 2.372094045851725070e+02
4.349442898950881542e+00 1.600580082881934632e-14 2.477331689469906038e-16 2.382445921866971617e+02
4.358560708529205741e+00 1.581426763925662731e-14 2.480643246458925099e-16 2.393283010682265513e+02
4.367654538314362789e+00 1.554030354605078862e-14 2.466855701834047173e-16 2.404258116021839840e+02
4.376727038130876046e+00 1.506508854071470156e-14 2.467426714157229664e-16 2.414724208596848598e+02
4.385779701521610008e+00 1.489481496456918436e-14 2.509162272726503183e-16 2.425033780865051085e+02
4.394812475686954656e+00 1.441071824736357037e-14 2.434012526640461321e-16 2.435377722333803092e+02
4.403825413426519120e+00 1.399368901457077426e-14 2.455797639309565881e-16 2.445724600672336067e+02
4.412818695243383438e+00 1.405837367347718511e-14 2.393412636686712306e-16 2.456045262269948921e+02
4.421792585135581710e+00 1.336561463749184339e-14 2.370981287350396363e-16 2.466340322974641595e+02
4.430747253374414107e+00 1.267050319775069774e-14 2.248556133229813783e-16 2.476658711332030123e+02
4.439682604592446680e+00 1.197539175800955366e-14 2.592622565421218831e-16 2.486990188454151109e+02
4.448598882324152903e+00 1.205121209927603795e-14 2.292507931313543564e-16 2.497315380293733256e+02
4.457496129137355823e+00 1.161139056041883409e-14 2.296206451573728736e-16 2.507672689711260432e+02
4.466374312696011373e+00 1.123468329557761812e-14 2.263293760409855697e-16 2.518009586215818842e+02
4.475233846805890536e+00 1.096617951026967322e-14 2.431879496996020511e-16 2.528320885911672633e+02
4.484074731466994201e+00 1.054006763415917657e-14 2.199807860700345323e-16 2.538657586873887624e+02
4.492897019478927945e+00 1.025693906799846972e-14 2.153841701560690302e-16 2.549033579040322479e+02
4.501700615474259592e+00 1.015115208870016283e-14 2.192969500228674907e-16 2.559393623956975148e+02
4.510485953722322527e+00 9.714770599473643384e-15 2.165194203019916547e-16 2.569724804054188780e+02
4.519253023991335994e+00 9.420319639169007680e-15 2.100654294421671814e-16 2.580062054000824219e+02
4.528002017016162561e+00 9.369570359854419321e-15 2.144403911079349451e-16 2.590416300843291992e+02
4.536732847661153478e+00 9.182711451606513073e-15 2.073910546265873765e-16 2.600795285908159826e+02
4.545445653861563073e+00 9.116194302237329774e-15 2.119953969116935041e-16 2.611143462192680431e+02
4.554140721719687868e+00 8.833062419180156938e-15 2.133219122652209273e-16 2.621490371940546993e+02
4.562817988204139752e+00 8.804714122423788831e-15 2.059766779460886668e-16 2.631874344083673805e+02
4.571477484010262771e+00 8.740991992314519970e-15 2.098685899380214211e-16 2.642245488452516611e+02
4.580119474776788380e+00 8.776793064187158332e-15 2.086844017793720792e-16 2.652577188263572339e+02
4.588744161470363458e+00 8.982827260401488163e-15 2.171676177898665173e-16 2.662825852962488398e+02
4.597352085600230787e+00 9.032786862676408200e-15 2.110816683046542613e-16 2.672830386974735575e+02
4.605944475070523403e+00 9.318558578004417742e-15 2.144878075938334870e-16 2.682901828638308075e+02
4.614519856801938325e+00 9.276778022032778199e-15 2.128004894348361226e-16 2.693214665539632051e+02
4.623078348266172810e+00 9.338278484046268184e-15 2.133260443900896072e-16 2.703598634042851927e+02
4.631619578225280698e+00 9.491123817452620219e-15 2.141900277638842581e-16 2.713997254904040801e+02
4.640144023516419303e+00 9.760400901191804385e-15 2.212974031659381742e-16 2.724381829423556951e+02
4.648651493404726054e+00 9.870900978049508419e-15 2.196306503728668042e-16 2.734775475042541188e+02
4.657142316560320516e+00 1.062637375577266723e-14 2.204406494365245143e-16 2.745145666667562523e+02
4.665616503214984334e+00 1.108023533351654827e-14 2.269475407353326686e-16 2.755538209862875192e+02
4.674074095936543216e+00 1.118015287714760866e-14 2.278117254639753779e-16 2.765963481243897490e+02
4.682515041925388921e+00 1.084886567273393148e-14 2.245683990542606052e-16 2.776357180243602443e+02
4.690939775450857496e+00 1.071552243207759199e-14 2.261120322315554351e-16 2.786732767523361645e+02
4.699348158577689283e+00 1.041774528151559920e-14 2.442666217047380210e-16 2.797163511382812544e+02
4.707740181074104413e+00 1.034374770630387794e-14 2.239613550314127836e-16 2.807586131110052179e+02
4.716116086474571922e+00 9.986544782859552042e-15 2.239964091986896339e-16 2.817966450129450209e+02
4.724476065513956158e+00 9.707809848848855014e-15 2.217418312272245953e-16 2.828377060325746584e+02
4.732819927457392772e+00 9.521317325393266445e-15 2.168079273053079898e-16 2.838810773665011880e+02
4.741147905607570934e+00 9.427839266025314773e-15 2.196555684182495879e-16 2.849224331522307239e+02
4.749460062995876086e+00 9.400644602927933382e-15 2.167726792538978021e-16 2.859587782766704436e+02
4.757756803196302009e+00 9.330861777303139368e-15 2.184564861728222326e-16 2.870030522427211395e+02
4.766037436532561067e+00 9.240324685723410084e-15 2.114023167975519246e-16 2.880501538281294529e+02
4.774302662912718986e+00 9.247948804810051113e-15 2.569318144297739501e-16 2.890888118261346449e+02
4.782552439768950947e+00 9.055461193606449215e-15 2.104579151623872666e-16 2.901328488519705502e+02
4.790786671733826552e+00 9.020153456339155107e-15 2.114724890571240690e-16 2.911764990935710671e+02
4.799005644909638768e+00 9.196056417176077973e-15 2.176957951870037524e-16 2.922189839924318449e+02
4.807209306496782020e+00 9.488723192125532371e-15 2.149598932930586963e-16 2.932625339451900004e+02
4.815397814894077477e+00 9.533346039390483576e-15 2.184746114217676939e-16 2.943048473358195452e+02
4.823571245005390473e+00 9.506524817133905455e-15 2.161880852816663540e-16 2.953502813443768105e+02
4.831729511695074031e+00 9.674772091714416067e-15 2.190829777248366570e-16 2.964009860133210168e+02
4.839872572395299777e+00 9.637901448825652369e-15 2.266775249468083115e-16 2.974504133508072528e+02
4.848000702976584364e+00 9.549564796987981185e-15 2.294388502613522279e-16 2.984950225342265071e+02
4.856114051605964654e+00 9.549383314896691534e-15 2.175684416113671108e-16 2.995405977938001456e+02
4.864212575715614051e+00 9.512988969838618166e-15 2.215238425870328512e-16 3.005857300015479154e+02
4.872296498376443630e+00 9.533536714664050663e-15 2.198598847839258784e-16 3.016319852647740731e+02
4.880365691884973600e+00 9.331641123346258923e-15 2.251968708021756570e-16 3.026755707054774689e+02
4.888420580278758365e+00 9.524536143586293271e-15 2.149224079504481657e-16 3.037176299762443819e+02
4.896460972822932689e+00 9.717431163826327619e-15 2.195870133029241554e-16 3.047681442390802431e+02
4.904486763918285419e+00 9.768019023552623147e-15 2.244638090734030017e-16 3.058159091951451956e+02
4.912498355498104985e+00 9.718423194782417246e-15 2.423199245139011244e-16 3.068582329850398764e+02
4.920495779898435451e+00 9.733777912949015835e-15 2.217488177795840589e-16 3.079043879467508873e+02
4.928478951983626288e+00 9.710338904871950649e-15 2.227185798431058778e-16 3.089552240464428223e+02
4.936447861521896741e+00 9.625292782905602844e-15 2.275305309835114211e-16 3.100025293905555372e+02
4.944402847415146240e+00 9.919165831177224007e-15 2.215444831219202162e-16 3.110441752518855765e+02
4.952344005030808738e+00 9.876161196826779904e-15 2.233670887272234660e-16 3.120942200706402332e+02
4.960270952899156427e+00 9.950900317111786147e-15 2.318856672476208136e-16 3.131424729549483459e+02
4.968184305792605393e+00 1.017146499842696294e-14 2.283895874538487034e-16 3.141887136334759134e+02
4.976083692473208586e+00 1.047039860235881653e-14 2.287195108707813359e-16 3.152385731547968817e+02
4.983969441611088236e+00 1.071817481405137139e-14 2.266732666948120373e-16 3.162876223777593054e+02
4.991841405039204815e+00 1.072156245811915698e-14 2.258399750796975741e-16 3.173364638594773055e+02
4.999699879091634713e+00 1.078168179512012791e-14 2.360283487261516630e-16 3.183822890826906473e+02
5.007544853536596285e+00 1.057295395005847120e-14 2.423153602233308692e-16 3.194319300776385262e+02
5.015376285806265599e+00 1.042390635178449179e-14 2.263481100600163060e-16 3.204832519562823450e+02
5.023194271268073940e+00 1.013639238612438099e-14 2.333011314020794235e-16 3.215323332872144420e+02
5.030998958089059059e+00 1.055828512197289293e-14 2.303050201548641424e-16 3.225793345260169644e+02
5.038790431404870596e+00 1.072085942417245783e-14 2.318055250693496802e-16 3.236292654584097477e+02
5.046568595848078154e+00 1.084792117710730973e-14 2.362111274989896078e-16 3.246817095539637421e+02
5.054333557017892886e+00 1.127742644170476448e-14 2.375522459932512895e-16 3.257288912975207609e+02
5.062085590784831446e+00 1.127986254561542725e-14 2.353606094758372606e-16 3.267698265886838271e+02
5.069824845315929807e+00 1.129851975828014565e-14 2.231100053452408235e-16 3.278091363320356777e+02
5.077551373410794433e+00 1.131717697094486247e-14 2.433698323764875344e-16 3.288481177393812231e+02
5.085265260205075855e+00 1.110696923204337777e-14 2.458129198550872491e-16 3.298978625234981905e+02
5.092966039093397512e+00 1.133179759781720027e-14 2.432600812669807416e-16 3.309502684621114668e+02
5.100654176681136853e+00 1.165933044762966388e-14 2.712341982582766744e-16 3.320003376016209700e+02
5.108329439665602933e+00 1.131747550360671887e-14 2.495845134337659572e-16 3.330528389278188683e+02
5.115992071581269229e+00 1.087003284786670784e-14 2.448918465777979204e-16 3.341029311803451947e+02
5.123642062196351432e+00 1.103549560406119750e-14 2.369265578182114169e-16 3.351579835964755603e+02
5.131279316143419145e+00 1.120095836025568558e-14 2.491651319861633727e-16 3.362122207707152484e+02
5.138904087188723047e+00 1.083581667081123462e-14 2.470487965239129781e-16 3.372639644645552721e+02
5.146516354868701626e+00 1.048308974191007262e-14 2.459227754620856821e-16 3.383119784249578856e+02
5.154116425749210251e+00 1.079015572116790480e-14 2.621687479862734917e-16 3.393647291177280181e+02
5.161703897896961379e+00 1.127738903339808323e-14 2.503709287204668169e-16 3.404246039998577089e+02
5.169278972278600115e+00 1.127211967886795058e-14 2.531810591234908408e-16 3.414749817675308350e+02
5.176841987796026778e+00 1.131849163126374210e-14 2.483886421567799588e-16 3.425279610630581715e+02
5.184392605547339272e+00 1.163546036699723713e-14 2.612735202872295417e-16 3.435837650560300176e+02
5.191931154202658050e+00 1.174958189278324955e-14 2.602480850590057981e-16 3.446356522283192021e+02
5.199457591194160955e+00 1.136580644933601956e-14 2.568482367740627273e-16 3.456910946968567373e+02
5.206971916521842658e+00 1.087412263141676855e-14 2.529043652787753882e-16 3.467469335702686521e+02
5.214474225553139775e+00 1.083154335239096273e-14 2.475187846386353905e-16 3.478019321170307876e+02
5.221964571087656104e+00 1.082290302446525669e-14 2.486676643516689282e-16 3.485796848105520098e+02
5.224570274353027344e+00 1.087009111793431377e-14 2.776215880602609198e-16 4.875279982134068035e+01
5.293735504150390625e+00 1.032780527563201499e-14 2.681315698414417130e-16 4.948232727307085810e+01
5.360861301422119141e+00 9.952056551973879939e-15 2.660711641026539470e-16 5.091799955419324419e+01
5.426183700561523438e+00 9.486491242471589397e-15 2.552117578378286361e-16 5.230565368505679658e+01
5.489795684814453125e+00 9.132491191145300607e-15 2.443747366302911071e-16 5.369185855030838184e+01
5.551789283752441406e+00 8.812425645199850313e-15 2.302689373889452332e-16 5.507064207932798183e+01
5.612256526947021484e+00 8.515998086103146130e-15 2.225627259196695385e-16 5.643414664851496809e+01
5.671291351318359375e+00 8.128022251437672452e-15 2.176714690578965299e-16 5.777469363915266598e+01
5.728985786437988281e+00 7.985137890830328766e-15 2.132262061801891709e-16 5.908504502724206020e+01
5.785431861877441406e+00 7.864558752528577246e-15 2.072491097879941521e-16 6.035585383079814648e+01
5.840723037719726562e+00 7.735528037957949190e-15 2.037551590812595221e-16 6.157779183285845903e+01
5.894951820373535156e+00 7.645017866403717355e-15 1.996633774210976959e-16 6.274260579626525924e+01
5.948209762573242188e+00 7.712531065292331855e-15 1.973756286806341419e-16 6.383975601994625748e+01
6.000591278076171875e+00 7.640251269152204894e-15 2.026281106161368973e-16 6.486807883397206353e+01
6.052174568176269531e+00 7.809865619126231664e-15 1.981794801006914807e-16 6.585823288337678605e+01
6.102993011474609375e+00 7.830985367701510887e-15 1.983886876524989367e-16 6.684399758097657696e+01
6.153066158294677734e+00 7.809747983545555764e-15 1.951369720243212173e-16 6.783368295221504241e+01
6.202412605285644531e+00 7.806727701595050883e-15 1.950431443939461078e-16 6.882563993990515883e+01
6.251052856445312500e+00 7.663171073299585116e-15 1.875932084300655988e-16 6.981807568751324311e+01
6.299006462097167969e+00 7.365516066089872617e-15 1.734902529643242573e-16 7.081082264319654485e+01
6.346292495727539062e+00 6.792607666760753490e-15 1.599206060092145389e-16 7.180230501574284574e+01
6.392930984497070312e+00 6.098253930222944836e-15 1.453289234540414108e-16 7.279046437555807358e+01
6.438941955566406250e+00 5.519477398175864845e-15 1.345364654192092230e-16 7.377501723030941605e+01
6.484344005584716797e+00 5.008303213875001483e-15 1.184515738352329642e-16 7.475415562787230783e+01
6.529157638549804688e+00 4.657370338062774676e-15 1.115932500764415205e-16 7.572637151194231819e+01
6.573401451110839844e+00 4.467255193532758964e-15 1.050679664258971683e-16 7.668967866008172507e+01
6.617096424102783203e+00 4.383552830253789460e-15 9.754095640275032087e-17 7.764241607928791211e+01
6.660261154174804688e+00 4.500415779714728017e-15 9.680371436148497560e-17 7.858374021075550786e+01
6.702915668487548828e+00 4.489857732800092910e-15 9.375183037012807462e-17 7.951060405542526155e+01
6.745079994201660156e+00 4.528535908129500321e-15 9.483810340231184872e-17 8.042299117577010747e+01
6.786772251129150391e+00 4.425036586599042787e-15 9.515255978535204277e-17 8.131820351516140022e+01
6.828013420104980469e+00 4.389334298739341787e-15 9.007834761246353896e-17 8.219294850540717334e+01
6.868823051452636719e+00 4.473456179588464498e-15 8.949293167579661286e-17 8.304768721548151689e+01
6.909219741821289062e+00 4.560264324308645933e-15 9.128959746126813635e-17 8.387908019601535159e+01
6.949224472045898438e+00 4.552373142437165732e-15 9.220380000312024615e-17 8.468467294276349833e+01
6.988856315612792969e+00 4.493628658737747468e-15 9.095962790491231461e-17 8.546455427148477213e+01
7.028134346008300781e+00 4.342946604657130203e-15 8.256977155678082782e-17 8.621581544080204651e+01
7.067078590393066406e+00 4.218049130053422585e-15 8.067603299659492708e-17 8.693869700129660316e+01
7.105706214904785156e+00 4.194004314805850212e-15 7.939930306903751285e-17 8.764718017024094365e+01
7.144023418426513672e+00 4.135077171889757171e-15 7.347853551947795222e-17 8.835516035390905643e+01
7.182034492492675781e+00 4.048587449496070376e-15 6.964479900419012085e-17 8.906513531934639616e+01
7.219743251800537109e+00 3.947723643961888548e-15 6.888225050805525213e-17 8.977749357715654810e+01
7.257153511047363281e+00 3.829207582798386436e-15 6.736317022755737581e-17 9.049207399080525249e+01
7.294269084930419922e+00 3.784227270768916983e-15 6.394110680786626809e-17 9.120870884390269850e+01
7.331093788146972656e+00 3.761610145169334490e-15 6.310631195697362048e-17 9.192543127081299303e+01
7.367632865905761719e+00 3.710417983252264089e-15 6.142400299304061905e-17 9.264379628310209114e+01
7.403888702392578125e+00 3.662969094878282514e-15 6.300320792382365895e-17 9.336546406946654031e+01
7.439865112304687500e+00 3.607175828487113420e-15 6.175641782814749563e-17 9.408594369534021951e+01
7.475567817687988281e+00 3.599911390642563793e-15 6.076011053801891967e-17 9.480745973381417002e+01
7.510998725891113281e+00 3.629338460597110320e-15 6.012624540614497638e-17 9.553044754217137324e+01
7.546163082122802734e+00 3.697980195938421197e-15 6.124163528740834283e-17 9.625275441458937564e+01
7.581064224243164062e+00 3.584869367663313069e-15 5.656894025630075403e-17 9.697542719342671091e+01
7.615706443786621094e+00 3.527448594177109622e-15 5.918184668911209646e-17 9.769755968756903997e+01
7.650093555450439453e+00 3.449252541285599641e-15 5.516792370792812135e-17 9.842025321965549267e+01
7.684228897094726562e+00 3.340693684560992579e-15 5.240975819230614671e-17 9.914120742880427883e+01
7.718117713928222656e+00 3.171801355070980659e-15 4.922988911477266833e-17 9.986151910759828354e+01
7.751762390136718750e+00 3.098594679348979988e-15 4.810502373593225864e-17 1.005816435644454572e+02
7.785167694091796875e+00 3.113520732335585237e-15 4.733193254820627337e-17 1.012977168612729741e+02
7.818338394165039062e+00 3.157881666759907704e-15 5.217336121160535482e-17 1.020137566948278049e+02
7.851276397705078125e+00 3.187938603969332465e-15 4.925890368785781342e-17 1.027280515715951452e+02
7.883987426757812500e+00 3.125442297313991075e-15 4.726311611467972113e-17 1.034388007618732672e+02
7.916474342346191406e+00 3.092000095743214785e-15 4.679782344971485894e-17 1.041471813561924193e+02
7.948741912841796875e+00 3.143082903486741591e-15 4.801073799855854445e-17 1.048528922806735295e+02
7.980792999267578125e+00 3.254930799342054579e-15 5.120133595593344076e-17 1.055556260871938292e+02
8.012632369995117188e+00 3.298485368865319165e-15 5.265519498991207543e-17 1.062534725799420556e+02
8.044263839721679688e+00 3.220471688723076117e-15 4.873327177865405858e-17 1.069476666477944775e+02
8.075691223144531250e+00 3.144188186224539958e-15 4.770378995930392221e-17 1.076362442972566669e+02
8.106919288635253906e+00 3.140686222065936831e-15 4.683233330605253892e-17 1.083204707751587677e+02
8.137950897216796875e+00 3.126463239473063529e-15 5.025917959064104693e-17 1.090033697739570755e+02
8.168788909912109375e+00 3.085162949648199280e-15 4.572185946698516719e-17 1.096779206849907666e+02
8.199440002441406250e+00 3.047173376284353862e-15 4.415485208631587011e-17 1.103453736242777978e+02
8.229906082153320312e+00 3.050049878871614893e-15 4.570746512729687707e-17 1.110088004346022217e+02
8.260191917419433594e+00 3.051507114290045583e-15 4.593734272434770099e-17 1.116643814695552521e+02
8.290301322937011719e+00 3.057237284591051796e-15 4.325109909907653382e-17 1.123134795687223715e+02
8.320238113403320312e+00 3.047480972027163669e-15 4.499313294207942172e-17 1.129557321952793529e+02
8.350006103515625000e+00 3.008440095643128728e-15 4.538873326275568881e-17 1.135907736581072243e+02
8.379609107971191406e+00 2.921420980565783930e-15 4.336885181198703563e-17 1.142163907046139144e+02
8.409051895141601562e+00 2.938037967007960122e-15 4.337592462501326366e-17 1.148340172144892932e+02
8.438337326049804688e+00 2.961852934327282358e-15 4.243734527686359324e-17 1.154432808881654893e+02
8.467470169067382812e+00 2.978817412895995777e-15 4.414346099875956696e-17 1.160419037427874116e+02
8.496454238891601562e+00 2.913013593529109008e-15 4.325645115500486178e-17 1.166333000294480513e+02
8.525292396545410156e+00 2.890358035213145732e-15 4.128462587005452019e-17 1.172152099135664827e+02
8.553989410400390625e+00 2.838043994239747465e-15 4.118857285562840160e-17 1.177833344007306096e+02
8.582550048828125000e+00 2.844184687266737326e-15 3.893539831242382353e-17 1.183411475682017908e+02
8.610977172851562500e+00 2.793694350374297390e-15 3.851130063381095619e-17 1.188902759597421976e+02
8.639274597167968750e+00 2.764466566410105789e-15 3.490069918381049503e-17 1.194283863758269604e+02
8.667446136474609375e+00 2.731637706742439881e-15 3.636414781175911746e-17 1.199591792041639593e+02
8.695493698120117188e+00 2.726826627711926292e-15 3.807474575391040210e-17 1.204906051130595728e+02
8.723417282104492188e+00 2.725783115673045594e-15 4.100235330875207841e-17 1.210246891904206024e+02
8.751217842102050781e+00 2.734331020935814465e-15 3.861543764366424926e-17 1.215593497797205771e+02
8.778896331787109375e+00 2.769185620151462417e-15 3.997284247628173101e-17 1.220987553582793765e+02
8.806451797485351562e+00 2.708245069458799490e-15 3.658841215815418585e-17 1.226387155160324909e+02
8.833887100219726562e+00 2.657399588481512400e-15 3.765394708452984773e-17 1.231748900748195581e+02
8.861203193664550781e+00 2.671094620559381799e-15 3.750260933575095686e-17 1.237157735144413238e+02
8.888399124145507812e+00 2.672224264696810269e-15 3.724099929441776702e-17 1.242570612726092634e+02
8.915477752685546875e+00 2.686093202679761329e-15 3.895779480241297232e-17 1.247987013639253462e+02
8.942438125610351562e+00 2.653788097426572457e-15 3.624381538200774386e-17 1.253473059785427210e+02
8.969280242919921875e+00 2.603732665222392237e-15 3.526032312248288886e-17 1.258917897544233142e+02
8.996007919311523438e+00 2.591153988719703581e-15 3.704125842096343090e-17 1.264365030231622740e+02
9.022619247436523438e+00 2.627111102373655647e-15 4.030069683571596628e-17 1.269859505474332764e+02
9.049116134643554688e+00 2.585339312500096680e-15 3.918924012208262528e-17 1.275332939112601736e+02
9.075499534606933594e+00 2.578145519540132660e-15 3.698091602599554457e-17 1.280830561678916979e+02
9.101769447326660156e+00 2.555834865283685298e-15 3.965492285451730997e-17 1.286352387325911479e+02
9.127926826477050781e+00 2.546027482288680076e-15 3.812169857727161376e-17 1.291874826738790887e+02
9.153972625732421875e+00 2.509169603166469706e-15 3.967917422218890270e-17 1.297373477550675034e+02
9.179908752441406250e+00 2.471983756957149018e-15 3.656312443466478065e-17 1.302895131197115575e+02
9.205734252929687500e+00 2.458453427686490777e-15 3.688524113113637424e-17 1.308463986323520487e+02
9.231450080871582031e+00 2.414904802684426389e-15 3.588820270802459840e-17 1.314031814717828581e+02
9.257057189941406250e+00 2.404637232286731915e-15 3.705931023041658782e-17 1.319597979825237815e+02
9.282556533813476562e+00 2.340397112011929050e-15 3.337322596757043984e-17 1.325112171436020105e+02
9.307950973510742188e+00 2.351611028058942048e-15 3.845305961916251309e-17 1.330697680570069963e+02
9.333236694335937500e+00 2.335346636976262019e-15 3.611705829912775287e-17 1.336305223848800381e+02
9.358418464660644531e+00 2.355676702779016013e-15 3.843713272120607698e-17 1.341858370794206223e+02
9.383495330810546875e+00 2.307124938503572480e-15 3.380451483273925466e-17 1.347457863624067045e+02
9.408468246459960938e+00 2.288311927005057181e-15 3.654725919390748595e-17 1.353052505373768781e+02
9.433338165283203125e+00 2.254061573132064448e-15 3.654425868309909348e-17 1.358667694068064975e+02
9.458105087280273438e+00 2.200136553095267853e-15 3.765545209001314614e-17 1.364277040954868312e+02
9.482770919799804688e+00 2.160600896991419284e-15 3.309658527595942932e-17 1.369879821410535499e+02
9.507335662841796875e+00 2.121666485005758943e-15 3.220511390917761261e-17 1.375502054829796350e+02
9.531800270080566406e+00 2.131731332755148172e-15 3.374438955820459373e-17 1.381116677880837926e+02
9.556165695190429688e+00 2.115105934753255462e-15 3.195982914113879434e-17 1.386722936383069964e+02
9.580432891845703125e+00 2.117439746710143547e-15 3.336063945377840804e-17 1.392320065777803677e+02
9.604602813720703125e+00 2.097317579614138915e-15 3.250001731851094497e-17 1.397934925490346245e+02
9.628675460815429688e+00 2.081887555062114158e-15 3.469676900851616934e-17 1.403567396559447786e+02
9.652651786804199219e+00 2.073534357256592230e-15 3.342727926126088061e-17 1.409189273860241940e+02
9.676532745361328125e+00 2.051667576363726043e-15 3.173728354050506407e-17 1.414799754733702457e+02
9.700319290161132812e+00 2.036897518295088251e-15 3.122888624263669341e-17 1.420455088800712247e+02
9.724010467529296875e+00 2.029834252064069660e-15 3.091623349304473688e-17 1.426069535792019281e+02
9.747610092163085938e+00 2.040511598240473960e-15 3.125770550111862258e-17 1.431641586007787623e+02
9.771117210388183594e+00 2.043021202804031721e-15 3.020254123618853814e-17 1.437257350125089488e+02
9.794532775878906250e+00 1.987847997780461068e-15 2.921241835470051230e-17 1.442887903302482471e+02
9.817856788635253906e+00 1.988286513764382361e-15 3.180309055902793694e-17 1.448503403130984282e+02
9.841091156005859375e+00 1.950385218457825641e-15 3.246221859310575586e-17 1.454073080847462620e+02
9.864236831665039062e+00 1.943458297445046510e-15 2.917608346406940519e-17 1.459685756117216329e+02
9.887292861938476562e+00 1.921893529420496776e-15 3.108516038719044700e-17 1.465281203059502388e+02
9.910262107849121094e+00 1.878853052540643291e-15 3.056529542773722579e-17 1.470827931963115702e+02
9.933144569396972656e+00 1.855739521708202307e-15 2.787959758336449817e-17 1.476416814014544912e+02
9.955940246582031250e+00 1.872045114653383798e-15 2.574124513800813176e-17 1.481986213317154579e+02
9.978651046752929688e+00 1.890328800583716356e-15 3.083990438061239200e-17 1.487566497136073167e+02
1.000127601623535156e+01 1.922009337533932820e-15 2.971006618234061450e-17 1.493157435406559159e+02
1.002381706237792969e+01 1.909611551194430073e-15 3.293285544648363998e-17 1.498663504871246630e+02
1.004627609252929688e+01 1.891171716675224238e-15 2.726943916751237464e-17 1.504146342384282775e+02
1.006865310668945312e+01 1.905565409640821727e-15 3.194253629888079890e-17 1.509669444960818510e+02
1.009094810485839844e+01 1.840307834291255922e-15 2.967043421456538147e-17 1.515233257785614853e+02
1.011316108703613281e+01 1.847993252403270354e-15 3.128330194422874152e-17 1.520707413462961881e+02
1.013529586791992188e+01 1.866428717860841616e-15 3.128809840517598937e-17 1.526155389780185203e+02
1.015735054016113281e+01 1.828456513205247538e-15 3.029119231764703879e-17 1.531642541495660623e+02
1.017932701110839844e+01 1.807807719020551977e-15 2.677922180373376878e-17 1.537102467957541307e+02
1.020122528076171875e+01 1.815706096008899838e-15 3.042052654488460104e-17 1.542567810589504518e+02
1.022304630279541016e+01 1.822199130124207004e-15 3.185562143923618273e-17 1.548004381175400681e+02
1.024479103088378906e+01 1.795627800625760317e-15 3.104243230208353884e-17 1.553377034989338483e+02
1.026646137237548828e+01 1.789601854831951911e-15 2.862660426893099900e-17 1.558787112393745531e+02
1.028805541992187500e+01 1.763571631104360975e-15 3.231605860554410678e-17 1.564131210122639573e+02
1.030957794189453125e+01 1.727142504934121673e-15 3.045446063861624936e-17 1.569442410689658800e+02
1.033102607727050781e+01 1.676959740565269509e-15 2.502823347320621807e-17 1.574824873972355590e+02
1.035240173339843750e+01 1.634555739422556832e-15 2.580166141413330081e-17 1.580173760744875153e+02
1.037370491027832031e+01 1.594065859362196928e-15 2.608336133388461699e-17 1.585452461512782918e+02
1.039493846893310547e+01 1.563594650729583119e-15 2.531224481226254420e-17 1.590694982473786752e+02
1.041610145568847656e+01 1.541186678190918607e-15 2.738237148356468474e-17 1.595936270387150842e+02
1.043719577789306641e+01 1.527652339532099240e-15 2.583563855626812520e-17 1.601139703411100186e+02
1.045822143554687500e+01 1.548779924538998865e-15 2.834442573681795179e-17 1.606340688750304651e+02
1.047917938232421875e+01 1.538862957083092319e-15 2.527964078149901299e-17 1.611575572945639294e+02
1.050006866455078125e+01 1.576006776063550293e-15 2.948180376565840427e-17 1.616696832282175933e+02
1.052089405059814453e+01 1.558481516933649103e-15 2.820859074757929765e-17 1.621776354023820375e+02
1.054165267944335938e+01 1.581805493991428497e-15 2.888480462727299488e-17 1.626887895204515075e+02
1.056234741210937500e+01 1.555078605440346962e-15 2.681107787030327895e-17 1.631918771856429657e+02
1.058297824859619141e+01 1.549999608297825731e-15 3.015102080445207107e-17 1.636980859298934092e+02
1.060354518890380859e+01 1.526247208361718926e-15 3.132888913860428211e-17 1.641998192139100468e+02
1.062405014038085938e+01 1.513093569189284145e-15 3.349821712927765502e-17 1.646969656493342313e+02
1.064449310302734375e+01 1.517879696048205811e-15 2.807068051798653776e-17 1.651894137701293062e+02
1.066487598419189453e+01 1.575646780285221400e-15 3.529148149069059037e-17 1.656809337445636743e+02
1.068519783020019531e+01 1.540841327775428187e-15 3.188132965010567045e-17 1.661675779327834448e+02
1.070546150207519531e+01 1.508094560357921758e-15 3.172539492185678538e-17 1.666492344366655516e+02
1.072566604614257812e+01 1.488166428282349779e-15 2.703629799540082014e-17 1.671297413047236660e+02
1.074581336975097656e+01 1.464056270960794768e-15 3.549001924216746645e-17 1.676050818658860919e+02
1.076590347290039062e+01 1.421839424927966893e-15 2.550160169092318081e-17 1.680831340103980267e+02
1.078593635559082031e+01 1.442992208492490164e-15 3.210848979172121529e-17 1.685518678127866963e+02
1.080591487884521484e+01 1.468049984990924219e-15 3.932188614834696127e-17 1.690151437400923840e+02
1.082583808898925781e+01 1.464366681973109127e-15 3.776201067509383020e-17 1.694728500511770619e+02
1.084570884704589844e+01 1.430067575076971551e-15 3.372007558258794839e-17 1.699330421032697132e+02
1.086552429199218750e+01 1.423367502151492838e-15 3.434299803178300323e-17 1.703916344775062726e+02
1.088528823852539062e+01 1.381475441249227261e-15 3.091769610172791124e-17 1.708361988231498856e+02
1.090500068664550781e+01 1.401652853251186572e-15 3.069277053597054453e-17 1.712789404433711979e+02
1.092466259002685547e+01 1.399318638194762299e-15 3.060316127030810684e-17 1.717239828578306344e+02
1.094427299499511719e+01 1.380775274799067058e-15 3.102614240208178980e-17 1.721671523125448005e+02
1.096383380889892578e+01 1.369926079754194958e-15 2.893658229395382777e-17 1.726084018180933128e+02
1.098334407806396484e+01 1.333946596213342160e-15 3.294819065525242458e-17 1.730561538331856468e+02
1.100280380249023438e+01 1.321760256469461063e-15 3.159513793850406064e-17 1.734977210943709451e+02
1.102221488952636719e+01 1.327726615519725230e-15 3.360342329460427488e-17 1.739458260954756099e+02
1.104157447814941406e+01 1.307580452384210756e-15 2.842133378112897671e-17 1.743919510255355192e+02
1.106088638305664062e+01 1.348198936503618871e-15 3.763351320729045985e-17 1.748403702241375015e+02
1.108014678955078125e+01 1.345436505256347713e-15 3.014039016877744293e-17 1.752911014348684944e+02
1.109935951232910156e+01 1.336936680243219024e-15 3.487415093979835090e-17 1.757354277854240934e+02
1.111852264404296875e+01 1.352440527889849386e-15 4.672597958302844462e-17 1.761820124093244715e+02
1.113763809204101562e+01 1.345907122935329477e-15 3.196211770237501170e-17 1.766308725668264685e+02
1.115670394897460938e+01 1.329434306868067789e-15 3.107501618290019557e-17 1.770820256945326037e+02
1.117572212219238281e+01 1.356315139979857626e-15 4.283531273237710155e-17 1.775354894076487824e+02
1.119469070434570312e+01 1.292269937341234253e-15 2.387863212871280862e-17 1.779868015928485647e+02
1.121361255645751953e+01 1.324600813440323895e-15 3.462151594142481149e-17 1.784359116369878677e+02
1.123248577117919922e+01 1.314769836103413959e-15 3.023160020094398250e-17 1.788872938727951407e+02
1.125131225585937500e+01 1.299154611232847971e-15 2.603678272743857074e-17 1.793409655876205591e+02
1.127009010314941406e+01 1.334541496948892418e-15 3.327259447786388511e-17 1.797969442446280652e+02
1.128882122039794922e+01 1.280365382158648428e-15 2.987722861941227180e-17 1.802506528875781555e+02
1.130750465393066406e+01 1.269491716396824500e-15 2.462888088844293156e-17 1.807020395074734154e+02
1.132614231109619141e+01 1.301987897948960132e-15 3.091863046693403488e-17 1.811556925424087012e+02
1.134473228454589844e+01 1.309935398338924368e-15 3.419093182383369210e-17 1.816116291048710139e+02
1.136327648162841797e+01 1.315497544443834549e-15 3.406576119343418976e-17 1.820651789110853542e+02
1.138177394866943359e+01 1.332607291766375991e-15 2.925284016182457279e-17 1.825257108144817551e+02
1.140022468566894531e+01 1.331665146582843972e-15 3.613129588676300154e-17 1.829791087040511570e+02
1.141863059997558594e+01 1.318728664963213914e-15 3.246949801900569518e-17 1.834347647035217221e+02
1.143698978424072266e+01 1.314329493333555292e-15 2.998065923119186556e-17 1.838926957244952405e+02
1.145530414581298828e+01 1.313101604300581214e-15 3.020011862596844115e-17 1.843481129845011708e+02
1.147357273101806641e+01 1.309473711819582895e-15 3.071447789671661347e-17 1.848106213173077776e+02
1.149179553985595703e+01 1.318246872848190625e-15 3.370378351775742122e-17 1.852706021662989997e+02
1.150997352600097656e+01 1.315201995774766908e-15 3.997031484593800844e-17 1.857280003699399913e+02
1.152810668945312500e+01 1.279896448954612966e-15 3.601013024398328256e-17 1.861827606257033665e+02
1.154619598388671875e+01 1.264714303438526958e-15 3.753468456730139709e-17 1.866446794258199589e+02
1.156423950195312500e+01 1.272446835899282082e-15 3.893748440319650875e-17 1.871039453389460334e+02
1.158224010467529297e+01 1.279063701041895974e-15 3.945254730974924695e-17 1.875605021904216017e+02
1.160019588470458984e+01 1.233470796435718918e-15 2.854976054929694763e-17 1.880242917863723733e+02
1.161810779571533203e+01 1.230323947165404964e-15 3.101595303970756816e-17 1.884853567377116406e+02
1.163597583770751953e+01 1.216740290336059354e-15 3.226943389898568376e-17 1.889486884541619816e+02
1.165380001068115234e+01 1.244906898595403886e-15 3.545645843369047726e-17 1.894092303223641807e+02
1.167158126831054688e+01 1.260368920063808597e-15 3.661302077755945304e-17 1.898669247975691974e+02
1.168931961059570312e+01 1.231786583705504762e-15 3.543842727621892338e-17 1.903319592529866213e+02
1.170701408386230469e+01 1.162326228577586151e-15 2.760863553062030471e-17 1.907941294540650006e+02
1.172466659545898438e+01 1.105034907977410372e-15 2.730487357318233040e-17 1.912533769867603723e+02
1.174227619171142578e+01 1.087290117389043304e-15 2.053494721203082008e-17 1.917148407006849880e+02
1.175984382629394531e+01 1.116687182405438180e-15 2.425848886992302895e-17 1.921785366765080312e+02
1.177736854553222656e+01 1.137885734927071600e-15 2.787861879969510488e-17 1.926444811508517319e+02
1.179485130310058594e+01 1.126924000892633830e-15 2.372411626571141460e-17 1.931074170968177555e+02
1.181229209899902344e+01 1.192137653756166634e-15 2.955407047390948435e-17 1.935725833265484255e+02
1.182969093322753906e+01 1.200980818734006726e-15 3.267504894817613239e-17 1.940346718091772971e+02
1.184704875946044922e+01 1.199062465178071301e-15 3.169795798805135581e-17 1.944936223241966218e+02
1.186436557769775391e+01 1.203564979830609148e-15 3.358801287535203149e-17 1.949601238995772405e+02
1.188164043426513672e+01 1.152540753883732878e-15 3.878620571379731724e-17 1.954234680286703565e+02
1.189887523651123047e+01 1.135808371507158309e-15 2.910020130581662524e-17 1.958835936424327997e+02
1.191606903076171875e+01 1.123651200914534738e-15 2.539008550950246936e-17 1.963513428872821294e+02
1.193322181701660156e+01 1.129049676749035513e-15 2.135625218129309476e-17 1.968158534396177402e+02
1.195033454895019531e+01 1.163960489959780119e-15 3.576585291734601853e-17 1.972770633846305088e+02
1.196740722656250000e+01 1.150882703497102222e-15 2.791295734585840724e-17 1.977404399665976484e+02
1.198443984985351562e+01 1.143240768753034427e-15 3.320949447336946944e-17 1.979729455231093311e+02
