7.962948457024329185e-01 3.105461777213832279e-15 2.546190556762058451e-15 4.383140673102378315e+01
8.053784561212016246e-01 5.030570055780166086e-15 2.689890163446236272e-15 4.374754873183373149e+01
8.147045276038820116e-01 6.529771111432977863e-15 2.979583390079601955e-15 4.309945999173834252e+01
8.242813502122192659e-01 7.869194834547371628e-15 2.605066904396113282e-15 4.245713536781823905e+01
8.341189639070201167e-01 1.066876519494803072e-14 2.898705505897892666e-15 4.182384505321812895e+01
8.442249723934333039e-01 1.199846785237961222e-14 2.542881848324901671e-15 4.121069329772060996e+01
8.546045443434969746e-01 1.328522039686351752e-14 2.713639029737273653e-15 4.061578118759125999e+01
8.652661667113845656e-01 1.374204435539367823e-14 3.622013457116583258e-15 4.002931552203173027e+01
8.762203565408139827e-01 1.635550621953047047e-14 3.429975244384862677e-15 3.946211449789734615e+01
8.874702570823529424e-01 1.971622428100424355e-14 2.590122301815105785e-15 3.892018322468356217e+01
8.990226710098658813e-01 2.236935196233044988e-14 2.579949356105776862e-15 3.839479909954602732e+01
9.108854771666923256e-01 2.507869735393222700e-14 2.394697517633121949e-15 3.789180342825495984e+01
9.230617875140824102e-01 2.684573914416737942e-14 2.424300273904263051e-15 3.741443528441783428e+01
9.355567512483972115e-01 2.792124043640443195e-14 2.307042933212731467e-15 3.695712033208189240e+01
9.483764425207998894e-01 3.066648485302472978e-14 2.327641248170050826e-15 3.652034777157051337e+01
9.615251907729263081e-01 3.315062217745264298e-14 2.231619064205243082e-15 3.610771766732404586e+01
9.750057963789382498e-01 3.659067589176824272e-14 2.082779163986471160e-15 3.572181618581756624e+01
9.888195979583604966e-01 3.725185655288336319e-14 1.958000137511792919e-15 3.535689799825673418e+01
1.002972604949280422e+00 3.977415338450660204e-14 1.788413001047029498e-15 3.502001199445096091e+01
1.017459582579388178e+00 4.372585822928644971e-14 1.882408348743572613e-15 3.471153890467545011e+01
1.032284459585674607e+00 4.739810048769409480e-14 1.753387363379509663e-15 3.442687025195453998e+01
1.047444430229809376e+00 5.188471221766062603e-14 1.705297724119684810e-15 3.417226458900864117e+01
1.062936347683448357e+00 5.297986369492368750e-14 1.597727237211247065e-15 3.394603125762269968e+01
1.078756966874126588e+00 5.399334058443572716e-14 1.610623387246306189e-15 3.374907890602395355e+01
1.094900389424497966e+00 5.188778909302626524e-14 1.585444765122899709e-15 3.358194299981176556e+01
1.111360809642564229e+00 5.061593552661892428e-14 1.780089617908883735e-15 3.344410692532669316e+01
1.128130782214593619e+00 5.096286687247963074e-14 1.530822147149154016e-15 3.333599123259590868e+01
1.145202034711987338e+00 5.398712658961721346e-14 1.398705150935945883e-15 3.326049543442024969e+01
1.162562080358362504e+00 5.520583100695443226e-14 1.296360323966307797e-15 3.321603033492439749e+01
1.180202065378987530e+00 5.913558977623656214e-14 1.244987317975531499e-15 3.320208260405190259e+01
1.198108105571701332e+00 6.474052580874209072e-14 1.283077321341887134e-15 3.322042081112517309e+01
1.216267475639247309e+00 6.943405199136833751e-14 1.277519367518368641e-15 3.326939086563173475e+01
1.234666258396064809e+00 7.087532827236845724e-14 1.226310269142623323e-15 3.334995865000588111e+01
1.253288998554864087e+00 7.231660455336857698e-14 1.215870149391454304e-15 3.346122544320265035e+01
1.272121222521099826e+00 7.792893040351769396e-14 1.199251035801511595e-15 3.360229800110624865e+01
1.291147159996061333e+00 7.757560003230826478e-14 1.186541566007052991e-15 3.377464433609676320e+01
1.310349520268595080e+00 7.603366054278807990e-14 1.178427710099802066e-15 3.397613806434961248e+01
1.329713918754424018e+00 6.090608516109890899e-14 1.176370135370271389e-15 3.420726515645155530e+01
1.349221786515919952e+00 4.417522575140757766e-14 1.071795960276288000e-15 3.446839144540268052e+01
1.368857659728036413e+00 4.144001963161232056e-14 1.075348125489488934e-15 3.476058249785452148e+01
1.388601381487106767e+00 4.207417168160231927e-14 1.047552772810411369e-15 3.507923650031828089e+01
1.408442369089498936e+00 4.022392325406820939e-14 1.025891361876025956e-15 3.541954117402260493e+01
1.428365938632823795e+00 3.980862822095464208e-14 1.029121989720410422e-15 3.578578252013776506e+01
1.448356710429639760e+00 4.387390097014014259e-14 1.063827896782702738e-15 3.617750465361137202e+01
1.468400670831664367e+00 4.870289405122240438e-14 1.008868138408882249e-15 3.659299437953516332e+01
1.488484628238215590e+00 5.133338510688249604e-14 1.051246978588000930e-15 3.703143766644668489e+01
1.508595832619479493e+00 5.694802292992245246e-14 1.098310792716779517e-15 3.749219080320719399e+01
1.528722229730695714e+00 6.435666968391662166e-14 1.466266241872713927e-15 3.797435024075014809e+01
1.548852538001899148e+00 7.223556546662412508e-14 1.148139090356772523e-15 3.847709661545363247e+01
1.568976112540029888e+00 7.754255556831940675e-14 1.171417691537330587e-15 3.900095683931709800e+01
1.589081707737507676e+00 8.134124539227720970e-14 1.218593549973553536e-15 3.955176779789945840e+01
1.609153373790585206e+00 8.568093245557713463e-14 1.286228171437565615e-15 4.012972589738529905e+01
1.629180495800633510e+00 8.687483121063047599e-14 1.210162540528342216e-15 4.071716222318521261e+01
1.649165506435549933e+00 8.815761935199869057e-14 1.207186772762125846e-15 4.131084854590879019e+01
1.669101377711418532e+00 9.021715820224624039e-14 1.182337356753903523e-15 4.192036636727971910e+01
1.688981508115683372e+00 9.042426755552653037e-14 1.198265444711185081e-15 4.254512259422968867e+01
1.708799970761065934e+00 8.463886062435703616e-14 1.199641005113578340e-15 4.318440319774653346e+01
1.728551349174647811e+00 7.807519672948667762e-14 1.511146025721232686e-15 4.383744731347703549e+01
1.748230901508788460e+00 7.254115112706493137e-14 1.179268814004035642e-15 4.450379049623313676e+01
1.767834090757227417e+00 6.388596879035715329e-14 1.162766383631507392e-15 4.518280188116305141e+01
1.787357162323840898e+00 5.734225272328366506e-14 1.177641843826754397e-15 4.587380054285057440e+01
1.806796573507142067e+00 5.254994893671123936e-14 1.201287202073523210e-15 4.657200449552600219e+01
1.826152928000637443e+00 5.069406022556389984e-14 1.171117216865865577e-15 4.726656217523731840e+01
1.845431770228881829e+00 4.766644962401081397e-14 1.096494281771128232e-15 4.796355932624496887e+01
1.864628633226689924e+00 4.550136074574411882e-14 1.090211690358615882e-15 4.868541109157960278e+01
1.883731305786242816e+00 4.737003255184000845e-14 1.104784598403413111e-15 4.942885426994484277e+01
1.902738586079302241e+00 4.923870435793589178e-14 1.125680946493860778e-15 5.018191086673750334e+01
1.921648127868450739e+00 4.701097920784664193e-14 1.121807262096201114e-15 5.094512653054763263e+01
1.940458545940746404e+00 4.491467159552297406e-14 1.074326011948843962e-15 5.171515464632642534e+01
1.959170176467382785e+00 4.517817657028991727e-14 1.067763001280132782e-15 5.249369683619699600e+01
1.977780554001653979e+00 4.774434282531947621e-14 1.085246546163953088e-15 5.328090825910875594e+01
1.996290049581849413e+00 4.913144283981077452e-14 1.112566479844764494e-15 5.407434097657245786e+01
2.014698064479437445e+00 5.264832865428725507e-14 1.149079828158303399e-15 5.487560753405493585e+01
2.033003958639332698e+00 5.807288679343916045e-14 1.178362867518749211e-15 5.568372090150390363e+01
2.051207908392982837e+00 5.650886526244444921e-14 1.111685463454898922e-15 5.650164072754919431e+01
2.069307469156556500e+00 6.262023509193599973e-14 1.168597135862784095e-15 5.733401233149859877e+01
2.087300053090480390e+00 6.509544200727647368e-14 1.322563149906253509e-15 5.816860475776031336e+01
2.105191088194402038e+00 6.753767407143626254e-14 1.128765542729467028e-15 5.900015743269263879e+01
2.122981162765416485e+00 6.848376180208001797e-14 1.068549631685233736e-15 5.983790997169542436e+01
2.140669953745849785e+00 6.866048134617679307e-14 1.171147705856902257e-15 6.068140711675276577e+01
2.158258359776143998e+00 6.896861940111433645e-14 1.160076465882592918e-15 6.152941498518585917e+01
2.175746808617552652e+00 6.807080498894056842e-14 1.127770293767738256e-15 6.238262830965290107e+01
2.193135806712455338e+00 6.717299057676680038e-14 1.147866857075871722e-15 6.324015175118248777e+01
2.210426292236461698e+00 6.627517616459303235e-14 1.173399855523750514e-15 6.410252707919801196e+01
2.227618476787310620e+00 6.507472365835139964e-14 1.185235195669291271e-15 6.496919857064222015e+01
2.244713593385254224e+00 6.395833914449610842e-14 1.133151599370808872e-15 6.582648349950018485e+01
2.261718940218602647e+00 6.117552704292519254e-14 1.138438955901683602e-15 6.669240096744763946e+01
2.278626286696783687e+00 5.964564487030423539e-14 4.468615422088113694e-16 6.760845951400213494e+01
2.295422212014417873e+00 5.531642195411963369e-14 4.292644335818002494e-16 6.850453634267223890e+01
2.312133881004586833e+00 5.119189905236473167e-14 4.048285089734523312e-16 6.937194995383937624e+01
2.328751733276874791e+00 4.939194473161933581e-14 3.952009048542930789e-16 7.026236840746759071e+01
2.345277536506944926e+00 4.843838864491236272e-14 4.059189401435074959e-16 7.115484755004675321e+01
2.361711926675608364e+00 4.719004228539479640e-14 3.919356144968659103e-16 7.205158194925773785e+01
2.378055608310265523e+00 4.659909423811905632e-14 3.854569948929424092e-16 7.295077579886104502e+01
2.394310011922391901e+00 4.610361767250958185e-14 3.978280522061267843e-16 7.385265787916144120e+01
2.410475700974228808e+00 4.622217416413593845e-14 3.959906586509684048e-16 7.475801974181645448e+01
2.426553719143356602e+00 4.418651194208266759e-14 3.696349468554808693e-16 7.566627800045279173e+01
2.442544857582260143e+00 4.135761964090844529e-14 3.673288515757739207e-16 7.657685171778723543e+01
2.458450366795886133e+00 3.875166356077003160e-14 3.622652030996241626e-16 7.748995722909870665e+01
2.474270908992089790e+00 3.625788771599882490e-14 3.623176717482312986e-16 7.840612289445674321e+01
2.490007480164732723e+00 3.456845073172990032e-14 3.507821708259083340e-16 7.932488248995467472e+01
2.505660901665322626e+00 3.211293844079444863e-14 3.472418979732311013e-16 8.024142328571223004e+01
2.521234006303775921e+00 3.084323562201966598e-14 3.351563820938793856e-16 8.114395489347761270e+01
2.536732027168307368e+00 2.920441069335155194e-14 3.426576423435412340e-16 8.204053065071960305e+01
2.552154479477800386e+00 2.777990640137228712e-14 3.259849277521618773e-16 8.295525324620966501e+01
2.567497462503705030e+00 2.635657765478373462e-14 3.208932738117638411e-16 8.388494441545610414e+01
2.582761848659422377e+00 2.687688749735276586e-14 3.273555765933387581e-16 8.481717567684822257e+01
2.597948392142056750e+00 2.622632658563802453e-14 3.099965635697862406e-16 8.575170140640369709e+01
2.613058021791073493e+00 2.854461526237745286e-14 3.184629412845869307e-16 8.668760842810810630e+01
2.628091777905872561e+00 3.022209960935512380e-14 3.344182103929583846e-16 8.762544908334324134e+01
2.643050356271507528e+00 3.048446140286654195e-14 3.272993416668289094e-16 8.856532758869300892e+01
2.657934724668810311e+00 2.987562282632105131e-14 3.331830287491599316e-16 8.950711699303920454e+01
2.672745589611170480e+00 2.540268664194017187e-14 3.103126420436652903e-16 9.045028831359752530e+01
2.687484056566399993e+00 2.421912444745037451e-14 2.970313838447445258e-16 9.139518665066705694e+01
2.702150683632571937e+00 2.346089629899672171e-14 3.037210410517913442e-16 9.234232494329953056e+01
2.716746376800287965e+00 2.394473856161461419e-14 3.022430197441623555e-16 9.329055509417479186e+01
2.731272027953631998e+00 2.526788545896666923e-14 3.129460838514228626e-16 9.424001157543393958e+01
2.745728461822289468e+00 2.594603475559781537e-14 3.119572492578792482e-16 9.519814947179973785e+01
2.760114274121827194e+00 2.546192289210224062e-14 3.111579729672108403e-16 9.616918027226977017e+01
2.774429073247982380e+00 2.481230306117160906e-14 3.088099759768523630e-16 9.713730514440071317e+01
2.788676205803209740e+00 2.478702184917854876e-14 2.956091802641889600e-16 9.809538828703610136e+01
2.802857282305510012e+00 2.476174063718549161e-14 3.041886504631301451e-16 9.905226716789073294e+01
2.816972956220388458e+00 2.510145216536339477e-14 3.242341966784934455e-16 1.000104072075663595e+02
2.831024080490561978e+00 2.532284414522699113e-14 3.119210437285214450e-16 1.009695423795144791e+02
2.845011352887074185e+00 2.549927738259082052e-14 3.131955775518313649e-16 1.019298678987140789e+02
2.858935539727555319e+00 2.600815456871600301e-14 3.090318628795409736e-16 1.028918975392860631e+02
2.872797170897048780e+00 2.659876773286892394e-14 3.146723917087614745e-16 1.038554981577660641e+02
2.886597023441523024e+00 2.670769870349858384e-14 3.168732024684406087e-16 1.048202598929399443e+02
2.900335711885115408e+00 2.736121443002244499e-14 3.114633433525585895e-16 1.057850581463739275e+02
2.914014276527227665e+00 2.772350579819787003e-14 3.347096575986249012e-16 1.067505912963055721e+02
2.927633118308269111e+00 2.778501790609059467e-14 3.193187509909687043e-16 1.077192508157400113e+02
2.941192641546829911e+00 2.839973169365040354e-14 3.285751669288410279e-16 1.086889778588403743e+02
2.954693752233511272e+00 2.861490779964256138e-14 3.248579791740199215e-16 1.096578090920227311e+02
2.968137314039365204e+00 2.926299873319086767e-14 3.333227019814402795e-16 1.106277360964170242e+02
2.981523708434119957e+00 2.980449431530891722e-14 3.369896073273195813e-16 1.116037575783166744e+02
2.994852576796910526e+00 3.029463124550844723e-14 3.290862587575510477e-16 1.125846430629095636e+02
3.008124606170443194e+00 3.072515446354360451e-14 3.318067362435957883e-16 1.135616224662181537e+02
3.021341495683793177e+00 3.124868795980752003e-14 3.312436586684347075e-16 1.145362327569590946e+02
3.034503520710918334e+00 3.133379197935970954e-14 3.274749940460601510e-16 1.155129034376542450e+02
3.047611318624818377e+00 3.135486413664855767e-14 3.323490922206451569e-16 1.164888673963190655e+02
3.060665774553220864e+00 3.254411048534239730e-14 3.390581651622339451e-16 1.174663434092438763e+02
3.073667001348252548e+00 3.325134044521978096e-14 3.456251580209295661e-16 1.184453241965110095e+02
3.086615866059144508e+00 3.312247983761620454e-14 3.458449261865249143e-16 1.194236838824622566e+02
3.099512928769960762e+00 3.235407835432401331e-14 3.360282003708438942e-16 1.204035134757777428e+02
3.112358577706786811e+00 3.217658465905590495e-14 3.347418187916276575e-16 1.213828390850247843e+02
3.125153773894094655e+00 3.185684910567957637e-14 3.317075068807182312e-16 1.223659615509460963e+02
3.137897982082675785e+00 3.194766058329295829e-14 3.512446969405920157e-16 1.233499801235087432e+02
3.150592756364466673e+00 3.150875913923378474e-14 3.303712815806654926e-16 1.243306698916428843e+02
3.163238413040783570e+00 3.098693593364875634e-14 3.517658685036875984e-16 1.253151875933653088e+02
3.175835015294047992e+00 3.049422468525868670e-14 3.245731387970020026e-16 1.263011917452180342e+02
3.188383346128196738e+00 3.016145471650709213e-14 3.268241940448204811e-16 1.272851326852206739e+02
3.200884157160546639e+00 2.980416098653724786e-14 3.321320219756971735e-16 1.282715646747987250e+02
3.213337311297917775e+00 2.993006338016681217e-14 3.281997344121883199e-16 1.292527592401412448e+02
3.225745036960627310e+00 3.122289314988638808e-14 3.276132883271691863e-16 1.302228843961789551e+02
3.238108264974131068e+00 3.148742923286705885e-14 3.248590266694731330e-16 1.312015068317079454e+02
3.250425456745193120e+00 3.260925316785479032e-14 3.293642287989051551e-16 1.321906551316916421e+02
3.262697185072204853e+00 3.354071923161241254e-14 3.352642152410536853e-16 1.331800753358261886e+02
3.274923844937608575e+00 3.345856666645854256e-14 3.316979420470915071e-16 1.341702412333890493e+02
3.287105905030014874e+00 3.405587938853134375e-14 3.278027696795424308e-16 1.351609478679372671e+02
3.299243783180730194e+00 3.313401420306774419e-14 3.341707272040642863e-16 1.361529435953887912e+02
3.311337799663047754e+00 2.977689836267633077e-14 3.222219271267204720e-16 1.371455813518873583e+02
3.323388475025863986e+00 2.448219714420675445e-14 3.055163821163956211e-16 1.381392134733747810e+02
3.335396055037915808e+00 2.426895317631209999e-14 3.008839440134114539e-16 1.391317857975589334e+02
3.347361401384266522e+00 2.644671313833533190e-14 3.061421300895083905e-16 1.401256626794164788e+02
3.359284337436568624e+00 2.790540516974186584e-14 3.169943479235229090e-16 1.411211075765565397e+02
3.371165667061633009e+00 2.996026513855015461e-14 3.199135431855199875e-16 1.421157780430357320e+02
3.383005599871206748e+00 3.100701374826386373e-14 3.284491369553300019e-16 1.431129989795036863e+02
3.394804369513502618e+00 3.222575286650913407e-14 3.318736286272579214e-16 1.441086219562206736e+02
3.406562860522445391e+00 3.173003111987534892e-14 3.323250074248169507e-16 1.451050075397722878e+02
3.418280905012036186e+00 3.037812860146036604e-14 3.274031291418794578e-16 1.461036927107203098e+02
3.429959126842558881e+00 3.173222758570593876e-14 3.302204245237465199e-16 1.471007497991048183e+02
3.441597979408508312e+00 3.194122796977056032e-14 3.279844957071043826e-16 1.481067047646966728e+02
3.453196413668137232e+00 3.181439360122616436e-14 3.312390336168890021e-16 1.491271235759725187e+02
3.464754038017181959e+00 3.249854719133583026e-14 3.342811178507951801e-16 1.501466826553163116e+02
3.476272208462558577e+00 3.292134541062936825e-14 3.433760697969830844e-16 1.511553002445959351e+02
3.487752055306931886e+00 3.275951645019828269e-14 3.303408598001708856e-16 1.521575527770918654e+02
3.499194186318080657e+00 3.239244488664873719e-14 3.416431016352352923e-16 1.531565507812450733e+02
3.510599228140668604e+00 3.314494105600985472e-14 3.361825315057581813e-16 1.541580825120115037e+02
3.521966908778916494e+00 3.362130724486892932e-14 3.438086718010631262e-16 1.551632806420765007e+02
3.533297684207108880e+00 3.375303151256619594e-14 3.334709187279902931e-16 1.561634987316765830e+02
3.544592539690773147e+00 3.286431545154351282e-14 3.328418092637669347e-16 1.571643524860511434e+02
3.555851097138361006e+00 3.321269529281462765e-14 3.362167333058947443e-16 1.581704566120083371e+02
3.567073672851189148e+00 3.424394016324487365e-14 3.412810875141475274e-16 1.591752964608851642e+02
3.578260816184982929e+00 3.446126601193219479e-14 3.386111993334558976e-16 1.601773900861633138e+02
3.589413035568112864e+00 3.507940622504811982e-14 3.362533379130314788e-16 1.611810535302482492e+02
3.600530263846177803e+00 3.569754643816404484e-14 3.534722625166013703e-16 1.621885844353954269e+02
3.611612688375862579e+00 3.590165546829304752e-14 3.440982894150727759e-16 1.631963118896575224e+02
3.622660743674777084e+00 3.606918181675570242e-14 3.496875282579024731e-16 1.641996133025802180e+02
3.633675229637753912e+00 3.644629040719431439e-14 3.510222092483168558e-16 1.652046302932755850e+02
3.644655739960215080e+00 3.690967958659030329e-14 3.513645921293361668e-16 1.662139280532415739e+02
3.655602728630454212e+00 3.669380476923704600e-14 3.507995749121478923e-16 1.672229111551184815e+02
3.666516397111671210e+00 3.680018173244887870e-14 3.530208229911414619e-16 1.682301468611052542e+02
3.677397374034519828e+00 3.731699447971408895e-14 3.582031249268114693e-16 1.692287384002233921e+02
3.688246733275600597e+00 3.729648996601915734e-14 3.605501092271639081e-16 1.702153310487433941e+02
3.699065497055820551e+00 3.710863870960059625e-14 3.472924821133691292e-16 1.712073386055251376e+02
3.709852498117134356e+00 3.774185335054070530e-14 3.688456816951284296e-16 1.722148783879562757e+02
3.720607494662785619e+00 3.853355227499679677e-14 3.699659446367594461e-16 1.732260550148811831e+02
3.731330834585301126e+00 3.818552402847475220e-14 3.683649677351221889e-16 1.742350988266782394e+02
3.742022989357669527e+00 3.817141848866043057e-14 3.640509507281555891e-16 1.752444764517283602e+02
3.752683992557092729e+00 3.830242488757895629e-14 3.624498143858018099e-16 1.762562554568930295e+02
3.763314057767294774e+00 3.819246946267540563e-14 3.686391494674366166e-16 1.772687493718174494e+02
3.773913420028676136e+00 3.861001116018363125e-14 3.683478777725188505e-16 1.782811079765284035e+02
3.784482388292397470e+00 3.817708761594533552e-14 3.588056413680031416e-16 1.792941963573778423e+02
3.795021088124909348e+00 3.784202656032182443e-14 3.705710389247895229e-16 1.803070262155944476e+02
3.805529937951317443e+00 3.776940671414574246e-14 3.663746509897621101e-16 1.813185615627662060e+02
3.816009176190200858e+00 3.746525998438712855e-14 3.656317542958983205e-16 1.823323527674590707e+02
3.826458802841560036e+00 3.687993523177044089e-14 3.651857723658316177e-16 1.833465375869608636e+02
3.836879266529521715e+00 3.714035177786326275e-14 3.659405902265794676e-16 1.843598556338117760e+02
3.847270704941063713e+00 3.787451436809847939e-14 3.614465865471599681e-16 1.853753756268768882e+02
3.857633213443619091e+00 3.787344875572377866e-14 3.748407401541168538e-16 1.863920038135858306e+02
3.867967049926451129e+00 3.757604214902793119e-14 3.702358071484881586e-16 1.874066789296720685e+02
3.878272643543001941e+00 3.742263787468785307e-14 3.676302606957532033e-16 1.884215356391676153e+02
3.888550008399786151e+00 3.682308148899161500e-14 3.676578790847017800e-16 1.894382211260129054e+02
3.898799388279551970e+00 3.665951591121876377e-14 3.616708488626945616e-16 1.904555741757794749e+02
3.909020920869279880e+00 3.687475361365473503e-14 3.658255950317034074e-16 1.914644234351284240e+02
3.919215823096716456e+00 3.650872838637351552e-14 3.681451232990876657e-16 1.924576657355719078e+02
3.929384962011094107e+00 3.666683493962355732e-14 3.723306840159671686e-16 1.934508297033765132e+02
3.939527883624118321e+00 3.709714007321058809e-14 3.779260520506188088e-16 1.944604754833069649e+02
3.949643720886556686e+00 3.706985253626635742e-14 3.758781083252826641e-16 1.954794032474583219e+02
3.959732793477903190e+00 3.625009531654365836e-14 3.730189328123176151e-16 1.964976611993178892e+02
3.969795272662337560e+00 3.602446332915242599e-14 3.706506924280796414e-16 1.975176595706340663e+02
3.979831225594261390e+00 3.496699895567274354e-14 3.710416996545399615e-16 1.985364923907570187e+02
3.989841115004314709e+00 3.498039165727593246e-14 3.707014458388731334e-16 1.995543404735118429e+02
3.999824983212046270e+00 3.536052863055348510e-14 3.701382367054672413e-16 2.005744240929641080e+02
4.009782964526256599e+00 3.490011155183597154e-14 3.820634433260031502e-16 2.015967946972261871e+02
4.019715095902322233e+00 3.409658675631503855e-14 3.563487202122688577e-16 2.026181805625774359e+02
4.029621831328541681e+00 3.441986681143431668e-14 3.718491005517017878e-16 2.036376295083011314e+02
4.039503294385374588e+00 3.392102701516233598e-14 3.764702624176838770e-16 2.046587618234532897e+02
4.049359580440255790e+00 3.423901645056922291e-14 3.732744815213685762e-16 2.056804528153618037e+02
4.059190919169414435e+00 3.364006404539863928e-14 3.714751030305026161e-16 2.067024836855633225e+02
4.068997423424979054e+00 3.381168469858444862e-14 3.705902210794302591e-16 2.077261196866014643e+02
4.078779199302716485e+00 3.320051079130753797e-14 3.644733572440958603e-16 2.087471539447319060e+02
4.088536751852817730e+00 3.261329942431915403e-14 3.622481781084411707e-16 2.097689949609003008e+02
4.098269862127386531e+00 3.194298780496652233e-14 3.703840139997247492e-16 2.107915924212129823e+02
4.107979035176613891e+00 3.171582012562220959e-14 3.699251447701600154e-16 2.118163996445877331e+02
4.117663917743804802e+00 3.136003399334346405e-14 3.629760004215974060e-16 2.128404354997507824e+02
4.127325283496748654e+00 3.093720696721456509e-14 3.613111872460046672e-16 2.138630421260761238e+02
4.136962835604814259e+00 3.070398216578479948e-14 3.569759891858368415e-16 2.148859316015754359e+02
4.146577185213959460e+00 3.068157127015575692e-14 3.581788369256489591e-16 2.159205645945054357e+02
4.156167014664836401e+00 2.989170812630642651e-14 3.668454000176571477e-16 2.169719129761051875e+02
4.165732507935949513e+00 2.966055172087519860e-14 3.578615907033542708e-16 2.180079770135290573e+02
4.175275180177869139e+00 2.920679246325043765e-14 3.519538619830683476e-16 2.190328744867234150e+02
4.184794829927395377e+00 2.820339105275491602e-14 3.519791827530251646e-16 2.200603991935331010e+02
4.194291754015159412e+00 2.743673862074877538e-14 3.454015772537915454e-16 2.210864534497849831e+02
4.203766104234655465e+00 2.688737545844241496e-14 3.532837574137228819e-16 2.221139882533708771e+02
4.213217919527253663e+00 2.552781459939362010e-14 3.520263434539495649e-16 2.231402708040273808e+02
4.222647581362679148e+00 2.465120109985583340e-14 3.450662454688348172e-16 2.241639007792334439e+02
4.232055241534427914e+00 2.413209951497209197e-14 3.377053584528715627e-16 2.251923128840301160e+02
4.241440652881571793e+00 2.331982792138955453e-14 3.418039631529699793e-16 2.262201304381173941e+02
4.250804415821734850e+00 2.257819494101598034e-14 3.426337028898900967e-16 2.272469803743677232e+02
4.260146311407018160e+00 2.259434680542144164e-14 3.314259838277541509e-16 2.282739477279723985e+02
4.269466844687615392e+00 2.228140610371752281e-14 3.313160371631283408e-16 2.293026671407941137e+02
4.278765662406830650e+00 2.189063963754085899e-14 3.319288582411841838e-16 2.303353385288658615e+02
4.288043089608325253e+00 2.206621307542038587e-14 3.405250655585728182e-16 2.313621351975584162e+02
4.297299564187892607e+00 2.192272127208152029e-14 3.332134247687690121e-16 2.323889056904340862e+02
4.306534934352034050e+00 2.147574401865683793e-14 3.362930989701294878e-16 2.334183638220776800e+02
4.315749419048646729e+00 2.121000209085378094e-14 3.388517374852250855e-16 2.344453108504036436e+02
4.324943276166993478e+00 2.166768097201562808e-14 3.416239607985065979e-16 2.354773614391940839e+02
4.334116124237348266e+00 2.097395564310289811e-14 3.480451494921296640e-16 2.365122271720325386e+02
4.343268401155499170e+00 2.003493722541730211e-14 3.566045209275808047e-16 2.375412685022099879e+02
4.352400393023742708e+00 1.971097141349885275e-14 3.274429838885461686e-16 2.385699253390546062e+02
4.361512110570414436e+00 1.971009790426343675e-14 3.314511490856069509e-16 2.395991704968007241e+02
4.370603762015075056e+00 1.899301868348336577e-14 3.312792636609980163e-16 2.406293559086377059e+02
4.379675329873027323e+00 1.878991672359605443e-14 3.404646790433846283e-16 2.416710042346003320e+02
4.388726231211344420e+00 1.841013982179258291e-14 3.293121769307230864e-16 2.427231283022227899e+02
4.397756533184426608e+00 1.766182246897425586e-14 3.259559750069895150e-16 2.437680883394816362e+02
4.406766970518697590e+00 1.715363724482831755e-14 3.336457211818037531e-16 2.448036729045864774e+02
4.415757762162050071e+00 1.686545494030252446e-14 3.189977335030183697e-16 2.458331967924734158e+02
4.424729384951642253e+00 1.612268939199510989e-14 3.177088367157318447e-16 2.468651852558330404e+02
4.433681429204716196e+00 1.554043957696315592e-14 3.223129798738585392e-16 2.479018724793196213e+02
4.442614209236600331e+00 1.533826166898187065e-14 3.147150555818478461e-16 2.489349480615841514e+02
4.451527915782155453e+00 1.483002933263411170e-14 2.964814729355985087e-16 2.499660460960289754e+02
4.460422739576245021e+00 1.432179699628634960e-14 3.784821646207955426e-16 2.509987406974535418e+02
4.469298613464470549e+00 1.404849760296693411e-14 3.102508948065039562e-16 2.520332652114762197e+02
4.478155710696999137e+00 1.394013141273747052e-14 3.218812442162148121e-16 2.530707363678649813e+02
4.486993886236694706e+00 1.308981434322773287e-14 3.299116564707565792e-16 2.541062306110605959e+02
4.495813655862084701e+00 1.321955792445904274e-14 3.354724235078919456e-16 2.551352461257182256e+02
4.504615182094997117e+00 1.296444214110914721e-14 3.121674837780561947e-16 2.561689027451953962e+02
4.513398207046174448e+00 1.224882802449343164e-14 3.037232975203691093e-16 2.572096139824334955e+02
4.522162730715611367e+00 1.177076681122912018e-14 3.052514937795577380e-16 2.582452281531213316e+02
4.530909325307900026e+00 1.149857167991280710e-14 3.180075793510714392e-16 2.592774779365104791e+02
4.539637867242577229e+00 1.158609863179897808e-14 3.112974846158127180e-16 2.603111075029945596e+02
4.548348603680569369e+00 1.157301039523976462e-14 3.069341993634615022e-16 2.613508376701238944e+02
4.557041096726086593e+00 1.134822129425983331e-14 3.061457619094895202e-16 2.623913782460244306e+02
4.565715946796749414e+00 1.111709510621491288e-14 3.129052321586601435e-16 2.634213068645051976e+02
4.574373468207886262e+00 1.098746005608126921e-14 3.210184495023456396e-16 2.644577457320547182e+02
4.583013127696274225e+00 1.126449144479508775e-14 3.798663743555474393e-16 2.655001442606128990e+02
4.591635278518609198e+00 1.150673099184812729e-14 3.203181424824253482e-16 2.665366830761776100e+02
4.600240157107480243e+00 1.162764079836040191e-14 3.131004068205239532e-16 2.675700351323965265e+02
4.608827936713056239e+00 1.171396265067473270e-14 3.022266204773886427e-16 2.686072460174297021e+02
4.617398398387441816e+00 1.143078565810121703e-14 3.189318413269834580e-16 2.696477838542375594e+02
4.625951750350195013e+00 1.169228637596129444e-14 3.212846363854372804e-16 2.706824496882751987e+02
4.634488356586348168e+00 1.195737373548920321e-14 3.244572078459027477e-16 2.717141641843169282e+02
4.643008234580595861e+00 1.199051891089061217e-14 3.184410043603477174e-16 2.727546136400551404e+02
4.651511013591548505e+00 1.254175244540609482e-14 3.183729654171598457e-16 2.737975723916941320e+02
4.659997103301963151e+00 1.310212072338168801e-14 3.267519896340060810e-16 2.748328826705517258e+02
4.668466761601105297e+00 1.370908658695857626e-14 3.306876808545874932e-16 2.758692599802102450e+02
4.676919854180172642e+00 1.341219709069824783e-14 3.255071396508783259e-16 2.769133967158974201e+02
4.685356229245671855e+00 1.336637185820356725e-14 3.342952983633486894e-16 2.779548399340767446e+02
4.693776391847791274e+00 1.326851010260148016e-14 3.295997243590005418e-16 2.789921346638046202e+02
4.702180274832132412e+00 1.327459178612459290e-14 3.378320701965973817e-16 2.800365962239163764e+02
4.710567698192167363e+00 1.280747975183388590e-14 3.370327082867323430e-16 2.810772852429985846e+02
4.718939251617181974e+00 1.255736029178463938e-14 3.599962288180136357e-16 2.821141386339355677e+02
4.727294755100649226e+00 1.223560742093325609e-14 3.412497100932423989e-16 2.831565699274647727e+02
4.735634236855601920e+00 1.202457602718361054e-14 3.176446116693402428e-16 2.841992805664325488e+02
4.743957831190838803e+00 1.204604639177210190e-14 3.359833915309153103e-16 2.852370429714860620e+02
4.752265869906380225e+00 1.206751675636059327e-14 3.258479668034337802e-16 2.862794442947466678e+02
4.760557925834775439e+00 1.172469840700512042e-14 3.172576598796817310e-16 2.873268064611040131e+02
4.768834313291349325e+00 1.147650741150677606e-14 3.202965908535679317e-16 2.883652845353697671e+02
4.777095403017492359e+00 1.131139819102002899e-14 3.252023450997753351e-16 2.894067322083155318e+02
4.785340824271815841e+00 1.128662043474883014e-14 3.266758175787499913e-16 2.904526358513774653e+02
4.793570863156612738e+00 1.141177235089598824e-14 3.329009936264355537e-16 2.914966725629431039e+02
4.801785508943547498e+00 1.188364369293320503e-14 3.307479460495751702e-16 2.925373905980646896e+02
4.809985125617649793e+00 1.181155773398828135e-14 3.263005101328565063e-16 2.935798528881311427e+02
4.818169416348291989e+00 1.174003341167603060e-14 3.348188052451925668e-16 2.946259495688117340e+02
4.826338639024733368e+00 1.192259658888941867e-14 3.291995724185812547e-16 2.956679147893732420e+02
4.834492927955775343e+00 1.207827015373439939e-14 3.368527782797320429e-16 2.967129960453988815e+02
4.842632138104281836e+00 1.177075624354772628e-14 3.234847567980942600e-16 2.977639828878770913e+02
4.850756251985558265e+00 1.172646822918998119e-14 3.250466170189788930e-16 2.988370614035518429e+02
4.858864248770887073e+00 1.176997701522578161e-14 3.455584547808934108e-16 2.999228284409871890e+02
4.866956633510457486e+00 1.175678393528631804e-14 3.431814951483254871e-16 3.009873624196953870e+02
4.875034218813429909e+00 1.167952028016476313e-14 3.308229967446696002e-16 3.020325190024172457e+02
4.883097392905886736e+00 1.152289055135012880e-14 3.238589857638965007e-16 3.030759215429760047e+02
4.891146014722671964e+00 1.165541000190615517e-14 3.342066880687195727e-16 3.041250477692469190e+02
4.899180073535447377e+00 1.169028648826255351e-14 3.310554327468739546e-16 3.051729101788866956e+02
4.907199799020444786e+00 1.183329524901816802e-14 3.238464002475190955e-16 3.062150845585341017e+02
4.915205410125560448e+00 1.197630400977378412e-14 3.333902998456763491e-16 3.072626630292292589e+02
4.923196553594097580e+00 1.187322258325535247e-14 3.325312586269888484e-16 3.083099477328391345e+02
4.931173745204583625e+00 1.144659236425606321e-14 5.336852903508366782e-16 3.093532357806728328e+02
4.939136822435186147e+00 1.180400504444027005e-14 3.294858943522541870e-16 3.104019371376969616e+02
4.947085813498938833e+00 1.183974172435247602e-14 3.361384654619871747e-16 3.114489719806186372e+02
4.955020919859038919e+00 1.179881268123523157e-14 3.315754824707500048e-16 3.124969456541754198e+02
4.962942035419720455e+00 1.188034257227230479e-14 3.421400777612771018e-16 3.135447197325386242e+02
4.970849418070245385e+00 1.218440658439427724e-14 3.606161345286948907e-16 3.145926274056480452e+02
4.978742944230150513e+00 1.247391712348160712e-14 3.344424493232397002e-16 3.156395056404415413e+02
4.986622928214763384e+00 1.250952720087318074e-14 3.361998563235163601e-16 3.166899502350185003e+02
4.994489016767388101e+00 1.257516970094683073e-14 3.608696783883310821e-16 3.177373947308308857e+02
5.002341849247015304e+00 1.248334503739666564e-14 3.430771424098720177e-16 3.187848906994980211e+02
5.010180920603453103e+00 1.241021249705032335e-14 3.349678973964777654e-16 3.198351214268449780e+02
5.018006735886894276e+00 1.226758926052126307e-14 3.381237466489947780e-16 3.208816837820047567e+02
5.025819104362473588e+00 1.216909342323528352e-14 3.630131788744727604e-16 3.219309650113573866e+02
5.033618216765054498e+00 1.266009122299656937e-14 3.588024905976108261e-16 3.229829913288818375e+02
5.041403882359775324e+00 1.269131002870510368e-14 3.491402331639041022e-16 3.240357783445869018e+02
5.049176387248928144e+00 1.293005373938417540e-14 3.533898915612606790e-16 3.250813447424578726e+02
5.056935922167378195e+00 1.298882683068661493e-14 3.445158983992587095e-16 3.261281862541985674e+02
5.064682363534663168e+00 1.300440333763091250e-14 3.527288469058279201e-16 3.271831578005189272e+02
5.072415577041980761e+00 1.334684274187106768e-14 3.612382910480055001e-16 3.282347902675001592e+02
5.080135983100426245e+00 1.332586555951628128e-14 3.632994022371932730e-16 3.292699920854291804e+02
5.087844058547159598e+00 1.354513863754560690e-14 3.619487012742309786e-16 3.302730100732950973e+02
5.095540947791358910e+00 1.376441171557493252e-14 3.603496965455399180e-16 3.312765449453076485e+02
5.103225591062939159e+00 1.359345541904393672e-14 3.720084025411874100e-16 3.323182677915081058e+02
5.110897387944280723e+00 1.293211231570238498e-14 3.615289101647902610e-16 3.333726979445212351e+02
5.118556472744182351e+00 1.296395197801589886e-14 3.610042127648811310e-16 3.344221004558876871e+02
5.126203064410538524e+00 1.302842584449198554e-14 3.931680189009144147e-16 3.354750023065757887e+02
5.133836905054086408e+00 1.284927345923612548e-14 3.655575480392751911e-16 3.365296939279132289e+02
5.141458291505458078e+00 1.253420241692385464e-14 3.949558465390735140e-16 3.375813425242310473e+02
5.149067184823284293e+00 1.257403861965697227e-14 3.903651370460252994e-16 3.386316115128490196e+02
5.156663803955461312e+00 1.325846805844797121e-14 4.042696809747234551e-16 3.396866329395006687e+02
5.164247834586661590e+00 1.323049712610288005e-14 3.871148853306960147e-16 3.407384872615010636e+02
5.171819848921474616e+00 1.300550246655293971e-14 4.046173978406845021e-16 3.417951224338737575e+02
5.179379179387879617e+00 1.318010682496416292e-14 3.936491501608358723e-16 3.428528491907769649e+02
5.186926560712298517e+00 1.345288854582315450e-14 3.780751303090182258e-16 3.439001914095987900e+02
5.194461830372898881e+00 1.335773798419742116e-14 3.838631602760067645e-16 3.449531529045387970e+02
5.201985016582711729e+00 1.284454196336287450e-14 3.888518117583248757e-16 3.460137388898849622e+02
5.208728904724119424e+00 1.323290083266371109e-14 2.905143069163254398e-16 4.831618539071180152e+01
5.209495872180811560e+00 1.271620588557351840e-14 3.826641514371592533e-16 3.470665800710177109e+02
5.216995092952251056e+00 1.276830716440904370e-14 3.749696845419612418e-16 3.481169262289729431e+02
5.224482202059872904e+00 1.273626149846510439e-14 3.761494164825565056e-16 3.491764735116956331e+02
5.231957390238539674e+00 1.310535942021101056e-14 3.739501876637344490e-16 3.502319242175821046e+02
5.239420752855682650e+00 1.298995977663362543e-14 3.854467335100395351e-16 3.510093922557769588e+02
5.278519153594968927e+00 1.277448184762179551e-14 2.719757486523306483e-16 4.909555482717145480e+01
5.346093626022336842e+00 1.224611800895715729e-14 2.629052793724014215e-16 5.059504909930310390e+01
5.411812772750852929e+00 1.179544071417858645e-14 2.610847018788456336e-16 5.199391899471180523e+01
5.475801048278806427e+00 1.127596171051289055e-14 2.506076607482116630e-16 5.338062591690349734e+01
5.538150691986082563e+00 1.105367799966452719e-14 2.401259701012204732e-16 5.476126806945336511e+01
5.598953733444211878e+00 1.060319302648278603e-14 2.264057997844015850e-16 5.612841393659613942e+01
5.658303689956663440e+00 1.025787700403420380e-14 2.189550434358284700e-16 5.747433734779087899e+01
5.716293010711668288e+00 9.977324449387044989e-15 2.142577114606288915e-16 5.879169321813512994e+01
5.773013725280760511e+00 9.806320460374773104e-15 2.099862651993332866e-16 6.007160768815881369e+01
5.828558979034422549e+00 9.698083978477583727e-15 2.041934697589233552e-16 6.130473911553352195e+01
5.883021488189696058e+00 9.687290288365001788e-15 2.008357258402002748e-16 6.248258139712316250e+01
5.936493015289305397e+00 9.561079526472629400e-15 1.968788258943469623e-16 6.359510338202482416e+01
5.989067344665525816e+00 9.480365041432260562e-15 1.946918106228211501e-16 6.463901545324596043e+01
6.040826244354246199e+00 9.615992422048229855e-15 1.999378877249348484e-16 6.563781413968645495e+01
6.091812953948973153e+00 9.661778678544800937e-15 1.956088307725191103e-16 6.662460571583272895e+01
6.142050065994260954e+00 9.632212089842470788e-15 1.958736180668867915e-16 6.761344584867586605e+01
6.191556386947630664e+00 9.588859696217688289e-15 1.927183488869945761e-16 6.860492819774540862e+01
6.240352001190184517e+00 9.540414773407095651e-15 1.926787505985348361e-16 6.959729190828390699e+01
6.288456668853758202e+00 9.188209539614526618e-15 1.853682321485837811e-16 7.059000357447817464e+01
6.335889568328855859e+00 8.575185564537514147e-15 1.714762549218602326e-16 7.158180395789017325e+01
6.382670516967771768e+00 7.859888893091877416e-15 1.581028663972211881e-16 7.257074272588810970e+01
6.428819541931151349e+00 7.183745577627283138e-15 1.437108698300647309e-16 7.355613719970538966e+01
6.474355554580687233e+00 6.582673209025735824e-15 1.330687084746122538e-16 7.453652171739261689e+01
6.519298639297484321e+00 6.154817379385761118e-15 1.171847714707045378e-16 7.551032046945339005e+01
6.563667812347411257e+00 5.714928009780596010e-15 1.104228744623358782e-16 7.647565414758807378e+01
6.607483530044554243e+00 5.495459401112900187e-15 1.039868591346638746e-16 7.743078830414188474e+01
6.650764913558958824e+00 5.529201776475780935e-15 9.655588350205735594e-17 7.837469573293782332e+01
6.693531675338744158e+00 5.597122792845059999e-15 9.584377099042601606e-17 7.930482293536493899e+01
6.735803842544554776e+00 5.534256973347497207e-15 9.283856173095844440e-17 8.022047393700634643e+01
6.777599954605101118e+00 5.432111146382171494e-15 9.393019136230785411e-17 8.111955100507610439e+01
6.818940362930296928e+00 5.345141250965586741e-15 9.425691963420701228e-17 8.199889371761514667e+01
6.859844932556151242e+00 5.387230590594762142e-15 8.924431200869689494e-17 8.285812290123557489e+01
6.900332469940184232e+00 5.542696035111277351e-15 8.867748344241046470e-17 8.369474863485794458e+01
6.940423431396482989e+00 5.537009741673721908e-15 9.047057862431016401e-17 8.450611765387201046e+01
6.980137310028075248e+00 5.436993883914873815e-15 9.138892502169198700e-17 8.529175042051797107e+01
7.019493179321288245e+00 5.325730153899676137e-15 9.016736661749630054e-17 8.604940695367662329e+01
7.058510856628417152e+00 5.179710864860095273e-15 8.186061786228713194e-17 8.677862489803003143e+01
7.097208137512206250e+00 5.109518682658658947e-15 7.999250428050036708e-17 8.749032489807588320e+01
7.135593633651732048e+00 5.033375867358427976e-15 7.873556838803786181e-17 8.819842510972750915e+01
7.173672056198118874e+00 5.035405557654502276e-15 7.287242011877513502e-17 8.890796357990579679e+01
7.211447324752806587e+00 4.918663991015152962e-15 6.907784669588363260e-17 8.961979877583644338e+01
7.248923254013060813e+00 4.815518778371873946e-15 6.832880591198659751e-17 9.033389200092227611e+01
7.286103658676146289e+00 4.769890551590805648e-15 6.682892052017383612e-17 9.105007699639871532e+01
7.322992353439330415e+00 4.675460526338582132e-15 6.344049295748411610e-17 9.176678754684073169e+01
7.359594268798827166e+00 4.637106240488876050e-15 6.261849221041280539e-17 9.248479431067482892e+01
7.395912418365477414e+00 4.597623773034960957e-15 6.095517040719362097e-17 9.320573414390625544e+01
7.431950302124022301e+00 4.556363625856238191e-15 6.252833040883205244e-17 9.392648573735483808e+01
7.467713222503661541e+00 4.455997682329878056e-15 6.129668061120335152e-17 9.464777832737752306e+01
7.503203926086424502e+00 4.515122729123600968e-15 6.031334656406522508e-17 9.537044570963446688e+01
7.538426923751829989e+00 4.490026663712060643e-15 5.968950856750361589e-17 9.609291128771317858e+01
7.573385972976683256e+00 4.380506894804528577e-15 6.080215471929738417e-17 9.681550963638632368e+01
7.608085155487059659e+00 4.267988834537940867e-15 5.616783248282164597e-17 9.753776928682243863e+01
7.642528390884398171e+00 4.271587066270138034e-15 5.876717060625664818e-17 9.826034476864202816e+01
7.676719121932982226e+00 4.212931375836357584e-15 5.478590375767324685e-17 9.898169271060461938e+01
7.710662174224852450e+00 4.093488333458959123e-15 5.205103749615266452e-17 9.970215391425242046e+01
7.744360561370848828e+00 3.974172301658533538e-15 4.889680970489132446e-17 1.004223264794393771e+02
7.777818527221678657e+00 3.946537226239941172e-15 4.778325444917823289e-17 1.011393072944550227e+02
7.811040840148924858e+00 3.978521733156634301e-15 4.701888904610931995e-17 1.018553607356921020e+02
7.844030036926268323e+00 3.998880328796979969e-15 5.183215287710066068e-17 1.025700497691382935e+02
7.876791000366210049e+00 3.871953300717490620e-15 4.894030038884562081e-17 1.032815933807972613e+02
7.909327220916747336e+00 3.795629190254673347e-15 4.696075938755574603e-17 1.039905064105991102e+02
7.941643047332762606e+00 3.809583760945364581e-15 4.650166956934541094e-17 1.046968165139917488e+02
7.973741760253905575e+00 3.852157548194381313e-15 4.771015651806273711e-17 1.054002176401922242e+02
8.005627708435056888e+00 3.843603381067909171e-15 5.088415958232634348e-17 1.060991558103651187e+02
8.037304916381835085e+00 3.785717019446196823e-15 5.233241422249017547e-17 1.067941667897773925e+02
8.068777198791503125e+00 3.751934503474930895e-15 4.843761321534625750e-17 1.074839975231875968e+02
8.100049114227294567e+00 3.704319626677710994e-15 4.741731845365944984e-17 1.081691956149399658e+02
8.131123943328857351e+00 3.705281490604122163e-15 4.655392818570118993e-17 1.088523942297160971e+02
8.162004547119138920e+00 3.639868556975609034e-15 4.996338574538353579e-17 1.095288041388769074e+02
8.192696762084960227e+00 3.544558622141051728e-15 4.545539860922066505e-17 1.101978378989740719e+02
8.223203544616698224e+00 3.503429346816263028e-15 4.390002206114028916e-17 1.108621629787122345e+02
8.253529033660887748e+00 3.484128519407797727e-15 4.544619506354222694e-17 1.115194901299191628e+02
8.283677253723142897e+00 3.491220758844589176e-15 4.567723490943589820e-17 1.121700313384391166e+02
8.313652019500731072e+00 3.446006365181049123e-15 4.300848009932740956e-17 1.128138071820401223e+02
8.343457145690917898e+00 3.383523040632046844e-15 4.474305834037791531e-17 1.134504526420693082e+02
8.373096446990965447e+00 3.327441115169319610e-15 4.513874298384685946e-17 1.140781643924281639e+02
8.402574481964110831e+00 3.294528744234904852e-15 4.313210988796556746e-17 1.146975669497207804e+02
8.431894531249998437e+00 3.278510544252194572e-15 4.314122568402160965e-17 1.153086888277765638e+02
8.461060943603515128e+00 3.260082082775557727e-15 4.220970595966586066e-17 1.159096746554521644e+02
8.490077743530273224e+00 3.219451368911633885e-15 4.390868155523079300e-17 1.165026762243024905e+02
8.518948001861572195e+00 3.113965285561950640e-15 4.302832068985406714e-17 1.170866920824780948e+02
8.547676067352293572e+00 3.077810740001887032e-15 4.106868612169052604e-17 1.176578749967226116e+02
8.576266708374022940e+00 3.020458304832706748e-15 4.097487185406734278e-17 1.182179758168407631e+02
8.604723205566404687e+00 2.984466702747273539e-15 3.873499480353875533e-17 1.187690309100327823e+02
8.633049163818357741e+00 2.917671079283187478e-15 3.831462980630918722e-17 1.193095845602190082e+02
8.661248397827147727e+00 2.888398204942904304e-15 3.472383595389908679e-17 1.198420003593669207e+02
8.689323234558104403e+00 2.805164738451937332e-15 3.618127037944929014e-17 1.203732878177267196e+02
8.717274093627928266e+00 2.782372894814569330e-15 3.788472143735079106e-17 1.209067848485349259e+02
8.745101718902587251e+00 2.746734995380225684e-15 4.079926576534291704e-17 1.214413195221158475e+02
8.772807064056395987e+00 2.724136926578673461e-15 3.842561209765758447e-17 1.219796757983999953e+02
8.800389595031736789e+00 2.745246125977497758e-15 3.977782891101540907e-17 1.225195149196787696e+02
8.827851333618163210e+00 2.700528308626316700e-15 3.641123970335310420e-17 1.230565298028195400e+02
8.855193653106688600e+00 2.657965127034031862e-15 3.747296614493798004e-17 1.235963719808362811e+02
8.882416019439697052e+00 2.650211218447228187e-15 3.732369711784314617e-17 1.241375719613696020e+02
8.909520454406736789e+00 2.626275484580463432e-15 3.706463804171690515e-17 1.246791357801635769e+02
8.936506843566894176e+00 2.630214821381986208e-15 3.877466215128934745e-17 1.252261995291954264e+02
8.963374977111815411e+00 2.604691441860112582e-15 3.607469490344022554e-17 1.257715978550282188e+02
8.990127830505370454e+00 2.539097677397616312e-15 3.509697942600002508e-17 1.263162620470955062e+02
9.016764755249022656e+00 2.536188596795564720e-15 3.687091476060495155e-17 1.268646627539221612e+02
9.043286819458007386e+00 2.522733247931806367e-15 4.011670050914852993e-17 1.274124739166966975e+02
9.069695186614989524e+00 2.471566986165688910e-15 3.901160185578140022e-17 1.279617021854180337e+02
9.095990066528319318e+00 2.462280589597868825e-15 3.681448991217284242e-17 1.285133504564447264e+02
9.122172203063964702e+00 2.431514050686341334e-15 3.947773590836723460e-17 1.290655825548007840e+02
9.148242549896240305e+00 2.417321747648201803e-15 3.795257102335147195e-17 1.296159761986607464e+02
9.174202804565428693e+00 2.421052378392838819e-15 3.950437282181990103e-17 1.301676338516716100e+02
9.200052642822264204e+00 2.374063306037814326e-15 3.640318681800921520e-17 1.307234757525706357e+02
9.225792598724364524e+00 2.352070424306205412e-15 3.672502668237329682e-17 1.312802830649722239e+02
9.251423625946044282e+00 2.302624050051875486e-15 3.573340689004591323e-17 1.318369381290073079e+02
9.276946678161619886e+00 2.284342005212775895e-15 3.690057253580300788e-17 1.323895098888852147e+02
9.302364196777343608e+00 2.252484917229102180e-15 3.323125306458195263e-17 1.329464832221617314e+02
9.327673835754394460e+00 2.238915147676763405e-15 3.829061770524066745e-17 1.335067513155219387e+02
9.352878475189207563e+00 2.220970751436520580e-15 3.596552025773613079e-17 1.340632722130982586e+02
9.377978420257568004e+00 2.228434053286211776e-15 3.827696076965929898e-17 1.346221969215063723e+02
9.402974205017089915e+00 2.183659895319758149e-15 3.366460338729772835e-17 1.351817701740648658e+02
9.427866783142089702e+00 2.162957143127774393e-15 3.639701651610970776e-17 1.357428357387646258e+02
9.452656364440917613e+00 2.153741158580953967e-15 3.639504181692008144e-17 1.363039014238997311e+02
9.477344436645507741e+00 2.126810160004082268e-15 3.750272343132427490e-17 1.368643264867313007e+02
9.501931419372558807e+00 2.093624540921511672e-15 3.296324233627710106e-17 1.374261207438203485e+02
9.526418056488036967e+00 2.084119090695733310e-15 3.207622282895106338e-17 1.379877531579910510e+02
9.550805301666258629e+00 2.066646960239218836e-15 3.361022807160932812e-17 1.385485657887943489e+02
9.575094108581541974e+00 2.039115569957591133e-15 3.183359520380488726e-17 1.391084824085232015e+02
9.599285430908201633e+00 2.045064860322314028e-15 3.322973071770742541e-17 1.396695774216318569e+02
9.623379478454589631e+00 2.012424715354338973e-15 3.237331617503431736e-17 1.402324362083317908e+02
9.647376995086668572e+00 2.010214996104124303e-15 3.456237934338401200e-17 1.407948600170514908e+02
9.671278934478758416e+00 1.994494371372693109e-15 3.329863955471840697e-17 1.413561619213808456e+02
9.695086250305175568e+00 1.992996724709375399e-15 3.161592837112731662e-17 1.419207039544064912e+02
9.718798408508300568e+00 1.976528881232852725e-15 3.111024325109555251e-17 1.424830552702682667e+02
9.742418174743653125e+00 1.966118344294611612e-15 3.079951517382778432e-17 1.430412002171093775e+02
9.765945644378662749e+00 1.964067076511488376e-15 3.114044306913796697e-17 1.436018105201195283e+02
9.789381351470947124e+00 1.964840918603151399e-15 3.008994803548476936e-17 1.441645399697431742e+02
9.812725505828858275e+00 1.925793383558673288e-15 2.910419949497958347e-17 1.447264246115648518e+02
9.835979595184326740e+00 1.935018867712483078e-15 3.168600404434654333e-17 1.452844079851364540e+02
9.859144783020019176e+00 1.914698399308577640e-15 3.234344070410847112e-17 1.458447253041868237e+02
9.882220535278319673e+00 1.907044883500307804e-15 2.906999058431370872e-17 1.464046527158527056e+02
9.905208873748780007e+00 1.879201340049677729e-15 3.097281173462474101e-17 1.469604051553257023e+02
9.928110427856445597e+00 1.860269188983793228e-15 3.045549632654586390e-17 1.475183618781134101e+02
9.950925197601318217e+00 1.825677356993270661e-15 2.778005430109035947e-17 1.480757343296114072e+02
9.973654670715331960e+00 1.834953766023715920e-15 2.564988717523696325e-17 1.486335232012637562e+02
9.996298522949219389e+00 1.850402731149293577e-15 3.073111089659544748e-17 1.491923826094269145e+02
1.001885803222656257e+01 1.842124218701270360e-15 2.960588175098510372e-17 1.497448688277632982e+02
1.004133510589599609e+01 1.824549320260773119e-15 3.281804681910552231e-17 1.502936678796299645e+02
1.006373016357421868e+01 1.810703025474391628e-15 2.717493146968741359e-17 1.508450885089515623e+02
1.008604320526123033e+01 1.839227650183658000e-15 3.183248224338563136e-17 1.514005703129386404e+02
1.010827423095703104e+01 1.798523573835305281e-15 2.956880794327822166e-17 1.519499708219807417e+02
1.013042621612548899e+01 1.816532408833478954e-15 3.117676151165139383e-17 1.524953488420628105e+02
1.015249851226806577e+01 1.793858459805382696e-15 3.118215758151847192e-17 1.530431985374690100e+02
1.017449218750000028e+01 1.801532558766980272e-15 3.018921110292698904e-17 1.535897946853281724e+02
1.019640766143798771e+01 1.772621500477074011e-15 2.668957779899428015e-17 1.541362103174655829e+02
1.021824567794799776e+01 1.793755711381350829e-15 3.031926880655186171e-17 1.546805050259939946e+02
1.024000719070434506e+01 1.796568078525587289e-15 3.175018163715226423e-17 1.552191853791784411e+02
1.026169389724731396e+01 1.754531111123553418e-15 3.094025152235543052e-17 1.557593664530175204e+02
1.028330472946166907e+01 1.742208300879674843e-15 2.853290418881646280e-17 1.562952367015549271e+02
1.030484298706054602e+01 1.737996797669185642e-15 3.221085251833483249e-17 1.568270854097063705e+02
1.032630748748779226e+01 1.699282116315475344e-15 3.035586264912460865e-17 1.573637566811192983e+02
1.034769908905029290e+01 1.645647772100560710e-15 2.494764360716082904e-17 1.578993890444138515e+02
1.036901821136474666e+01 1.639123567884792394e-15 2.571903272066730024e-17 1.584288123582823289e+02
1.039026708602905202e+01 1.611168580263809846e-15 2.600027340027210429e-17 1.589538655316312372e+02
1.041144559860229535e+01 1.610806789179861376e-15 2.523204436919797191e-17 1.594780225682781918e+02
1.043255502700805692e+01 1.596241888000273237e-15 2.729606807640152162e-17 1.599992038967998838e+02
1.045359579086303725e+01 1.601870397050271248e-15 2.575463820892693881e-17 1.605193574971891621e+02
1.047456863403320249e+01 1.604719176790982588e-15 2.825602297711088117e-17 1.610420973041119623e+02
1.049547302246093672e+01 1.607419637801892397e-15 2.520121122527431269e-17 1.615567364505794217e+02
1.051631246566772404e+01 1.615514833824322740e-15 2.939079720803717992e-17 1.620656122496139062e+02
1.053708578109741190e+01 1.606890371774980718e-15 2.812196433471306361e-17 1.625760593474736027e+02
1.055779457092285156e+01 1.618871677116934774e-15 2.879654775735721747e-17 1.630809311203001357e+02
1.057843946456909201e+01 1.571328582732499096e-15 2.672956922942974303e-17 1.635864507400073080e+02
1.059902046203613324e+01 1.574624902438281141e-15 3.005981934530340255e-17 1.640891741813310603e+02
1.061953905105590756e+01 1.583754886759674803e-15 3.123459265238887404e-17 1.645873353120991283e+02
1.063999565124511726e+01 1.579036935744876069e-15 3.339788890423867176e-17 1.650808226802486729e+02
1.066039175033569286e+01 1.565197643718291640e-15 2.798701510121601354e-17 1.655725485469085925e+02
1.068072702407836871e+01 1.602057802251102004e-15 3.518680854516533242e-17 1.660602710865564973e+02
1.070100349426269482e+01 1.563826474768148116e-15 3.178722007511620062e-17 1.665430305810872085e+02
1.072122104644775398e+01 1.561787170423349304e-15 3.163219466073871471e-17 1.670237921984988247e+02
1.074138095855712827e+01 1.521886932384092988e-15 2.695724628750052563e-17 1.675002750953471207e+02
1.076148365020751996e+01 1.545990615258680103e-15 3.538673726659387148e-17 1.679777287043071397e+02
1.078152912139892550e+01 1.482137643445383422e-15 2.542773641592665040e-17 1.684485222053119742e+02
1.080151960372924869e+01 1.518566738388059906e-15 3.201591140390806639e-17 1.689130046622223915e+02
1.082145498275756879e+01 1.518882332686745381e-15 3.920903118785302218e-17 1.693719420903778996e+02
1.084133728027343757e+01 1.500378873513362379e-15 3.765411582009573354e-17 1.698315855449828859e+02
1.086116489410400376e+01 1.472031987200249635e-15 3.362417274959497923e-17 1.702905319112108486e+02
1.088094017028808658e+01 1.454004130009314481e-15 3.424575414861603980e-17 1.707381957422493315e+02
1.090066394805908168e+01 1.463037192617071019e-15 3.083053696222657095e-17 1.711813405025840211e+02
1.092033697128295877e+01 1.443215288105147892e-15 3.060662254678786793e-17 1.716258752059968344e+02
1.093995870590210018e+01 1.408306984849486475e-15 3.051764316899938876e-17 1.720694588865019625e+02
1.095953042984008796e+01 1.426972292439212128e-15 3.093981574073427597e-17 1.725111329764888808e+02
1.097905181884765646e+01 1.400221827183677198e-15 2.885642017867945354e-17 1.729574491929186308e+02
1.099852266311645543e+01 1.405355751671215040e-15 3.285731266344536909e-17 1.734003830643817423e+02
1.101794445037841719e+01 1.391117267173108180e-15 3.150836273708050170e-17 1.738470445062585270e+02
1.103731536865234375e+01 1.393244275877753454e-15 3.351153850893608351e-17 1.742936073082641144e+02
1.105663776397705078e+01 1.400462861053331809e-15 2.834394550914045501e-17 1.747415202517421164e+02
1.107590950012207109e+01 1.419269454949891541e-15 3.753149192496858761e-17 1.751917412881029747e+02
1.109513271331787188e+01 1.421886759843565834e-15 3.005902538235872852e-17 1.756374828273089577e+02
1.111430675506591825e+01 1.393423638994092305e-15 3.478041196168661333e-17 1.760835691562532190e+02
1.113343269348144560e+01 1.401315109119675557e-15 4.660091120950366917e-17 1.765319272064902520e+02
1.115250946044921854e+01 1.393371201377483452e-15 3.187693444923082222e-17 1.769825743756340160e+02
1.117153812408447244e+01 1.377394759165691058e-15 3.099254478558718392e-17 1.774355282394021174e+02
1.119051761627197195e+01 1.425485219432363785e-15 4.272211856749953926e-17 1.778873161491156907e+02
1.120944974899292035e+01 1.364524271316339212e-15 2.381579340014948577e-17 1.783369130730453094e+02
1.122833366394042898e+01 1.381907655826892909e-15 3.453079313809750317e-17 1.787877939495225803e+02
1.124717042922973675e+01 1.371268521876140560e-15 3.015270908737649416e-17 1.792409604867935684e+02
1.126595897674560476e+01 1.355529206547912832e-15 2.596912659733660583e-17 1.796964301091521747e+02
1.128470037460327191e+01 1.371828022313825286e-15 3.318649437223828968e-17 1.801506406283739068e+02
1.130339429855346722e+01 1.333352783620330154e-15 2.980023891153195866e-17 1.806025405864635331e+02
1.132204202651977454e+01 1.325709764748464051e-15 2.456567508900176490e-17 1.810556935478229548e+02
1.134064249038696204e+01 1.363997273807057298e-15 3.083961570735648132e-17 1.815111262572105488e+02
1.135919675827026332e+01 1.382039498245845072e-15 3.410391176947652975e-17 1.819652036929622057e+02
1.137770450592041094e+01 1.341277449639400873e-15 3.397941864620337625e-17 1.824241940082737869e+02
1.139616552352905288e+01 1.369884025232881946e-15 2.917900328869257707e-17 1.828791680093476373e+02
1.141458129882812500e+01 1.361310380100915778e-15 3.604046525282193783e-17 1.833343257794908538e+02
1.143295076370239194e+01 1.373983383610827064e-15 3.238821063435179463e-17 1.837917548361325260e+02
1.145127498626708906e+01 1.333627159223876297e-15 2.990590552211870770e-17 1.842477277522256429e+02
1.146955364227294893e+01 1.366835353631075657e-15 3.012512544366390128e-17 1.847086704726346227e+02
1.148778652191162131e+01 1.346702823228588044e-15 3.063851912384405381e-17 1.851692100289709231e+02
1.150597436904907234e+01 1.356084385720209435e-15 3.362076825488437207e-17 1.856271790944674365e+02
1.152411739349365227e+01 1.369222560900300449e-15 3.987226171232217109e-17 1.860825223968565467e+02
1.154221633911132727e+01 1.331179769635972355e-15 3.592214371654619233e-17 1.865428607402188845e+02
1.156026992797851527e+01 1.319663768738494604e-15 3.744334768812514439e-17 1.870027130196299936e+02
1.157827997207641602e+01 1.296727197675700014e-15 3.884310611766581118e-17 1.874598686137623531e+02
1.159624561309814439e+01 1.323439740435463952e-15 3.935730625919910861e-17 1.879220613855184752e+02
1.161416717529296960e+01 1.276212652579763501e-15 2.848111385602676907e-17 1.883837285414932410e+02
1.163204486846923835e+01 1.270693531859891539e-15 3.094167330071793870e-17 1.888465601375672236e+02
1.164987869262695241e+01 1.297358015329890000e-15 3.219245978278555950e-17 1.893077185900462780e+02
1.166766939163207972e+01 1.292621410489600635e-15 3.537221421401263544e-17 1.897660423264132703e+02
1.168541717529296875e+01 1.308510696724656729e-15 3.652637013563061731e-17 1.902294563269065293e+02
1.170312129974365156e+01 1.239358060788954820e-15 3.535489028865927216e-17 1.906922595334168591e+02
1.172078304290771555e+01 1.200348540866077309e-15 2.754380728748654665e-17 1.911521529393076264e+02
1.173840208053588796e+01 1.191879055151809502e-15 2.724101032256970140e-17 1.916131277190454796e+02
1.175597894668579180e+01 1.181523192631363421e-15 2.048710409150113248e-17 1.920763312096194682e+02
1.177351310729980405e+01 1.208547107359453399e-15 2.420219240117789406e-17 1.925417796131803811e+02
1.179100509643554773e+01 1.195262413241442456e-15 2.781417164444109304e-17 1.930053803910663532e+02
1.180845512390136776e+01 1.200332241975129930e-15 2.366948545771192985e-17 1.934700545776020988e+02
1.182586318969726591e+01 1.237011193166554077e-15 2.948627824110749789e-17 1.939328231540826550e+02
1.184323003768920834e+01 1.246375680869997556e-15 3.260038383901674792e-17 1.943924670263027963e+02
1.186055587768554709e+01 1.217673855223123213e-15 3.162580213343236071e-17 1.948573016467752268e+02
1.187783996582031243e+01 1.235046288193530122e-15 3.351185067453424104e-17 1.953213434551292949e+02
1.189508358001708999e+01 1.242110708851504757e-15 3.869858733265437619e-17 1.957821801976652978e+02
1.191228639602661055e+01 1.166375506486483591e-15 2.903471467426763688e-17 1.962482464879058455e+02
1.192944820404052741e+01 1.143448875571026510e-15 2.533316621906983015e-17 1.967134726453319900e+02
1.194656974792480497e+01 1.177463948217630795e-15 2.130855605855963860e-17 1.971754118304622523e+02
1.196365123748779347e+01 1.181459961594153468e-15 3.568627559767817148e-17 1.976383104442807337e+02
1.198069267272949290e+01 1.215627526745103743e-15 2.785108605154098716e-17 1.981033876193323522e+02
1.199769405364990149e+01 1.172990699642661617e-15 3.313616000193634116e-17 1.983367479791071446e+02
